201001,1.5,3.0,4.5,6.0,7.6,9.3,11.0,12.6,14.2,15.9,17.6,19.3,20.9,22.7,24.4,26.1,27.7,29.4,31.0,32.8,34.5,36.3,38.1,39.9,41.7,43.5,45.3,47.2,49.1,51.0,53.0
201002,54.9,56.8,58.6,60.5,62.3,64.1,65.9,67.8,69.6,71.4,73.2,75.0,76.8,78.5,80.2,82.0,83.8,85.5,87.3,89.2,91.0,92.8,94.6,96.5,98.4,100.2,101.9,103.7
201003,105.6,107.5,109.5,111.4,113.4,115.4,117.4,119.3,121.2,123.1,124.9,126.8,128.8,130.8,132.8,134.8,136.7,138.7,140.6,142.5,144.3,146.0,147.8,149.5,151.2,153.0,154.8,156.6,158.3,160.0,161.7
201004,163.2,164.7,166.1,167.4,168.7,170.1,171.4,172.7,174.1,175.4,176.7,177.9,179.1,180.4,181.6,182.7,183.8,185.0,186.1,187.4,188.6,189.9,191.1,192.3,193.5,194.7,195.9,197.1,198.3,199.4
201005,200.6,201.8,203.0,204.2,205.5,206.8,208.1,209.4,210.7,211.9,213.2,214.5,215.7,216.9,218.1,219.3,220.5,221.7,222.8,224.0,225.1,226.2,227.4,228.6,229.8,231.0,232.3,233.6,234.9,236.2,237.6
201006,239.1,240.6,242.0,243.5,245.0,246.4,247.8,249.3,250.7,252.2,253.7,255.2,256.8,258.4,260.1,261.9,263.7,265.5,267.3,269.2,271.0,273.1,275.2,277.2,279.3,281.4,283.4,285.5,287.5,289.6
201007,291.6,293.6,295.6,297.6,299.7,301.8,303.9,306.0,308.1,310.3,312.4,314.6,316.7,318.8,320.8,322.9,324.9,326.9,328.9,330.8,332.5,334.2,335.8,337.5,339.1,340.7,342.3,343.9,345.5,347.3,349.0
201008,350.7,352.3,354.0,355.6,357.2,358.8,360.3,361.8,363.4,364.9,366.5,368.0,369.4,370.8,372.3,373.7,375.1,376.5,378.0,379.5,381.0,382.6,384.1,385.7,387.2,388.7,390.2,391.5,392.8,394.1,395.3
201009,396.6,397.9,399.2,400.6,401.9,403.2,404.4,405.6,406.7,407.8,409.0,410.2,411.4,412.5,413.7,414.9,416.1,417.3,418.4,419.5,420.7,421.8,422.9,424.0,425.1,426.2,427.3,428.4,429.5,430.6
201010,431.6,432.6,433.6,434.6,435.7,436.7,437.8,438.8,439.8,440.8,441.8,442.8,443.8,444.8,445.8,446.7,447.6,448.5,449.4,450.3,451.2,452.2,453.2,454.2,455.2,456.2,457.3,458.4,459.5,460.6,461.7
201011,462.9,464.2,465.4,466.7,468.0,469.3,470.7,472.1,473.5,475.0,476.4,478.0,479.5,481.0,482.7,484.3,486.0,487.7,489.3,490.9,492.6,494.2,495.9,497.5,499.1,500.7,502.4,504.1,505.9,507.8
201012,509.5,511.1,512.7,514.4,516.1,517.7,519.2,520.8,522.3,523.9,525.4,526.9,528.4,529.8,531.3,532.7,534.1,535.6,537.2,538.7,540.3,541.8,543.4,544.9,546.5,548.0,549.5,551.0,552.4,553.7,555.1
