194807,0,46,0,0,0,0,0,30,1778,358,64,168,333,41,0,142,0,0,203,0,0,0,0,20,0,0,0,356,0,13,0
194808,91,300,36,51,0,0,0,0,36,0,0,0,0,0,130,315,0,0,0,0,0,0,0,28,0,0,0,0,0,0,0
194809,163,0,5,1369,0,0,0,0,0,0,0,0,0,36,0,0,0,0,0,0,0,0,0,0,0,0,876,18,0,13
194810,191,0,460,114,0,0,0,0,0,0,424,0,0,0,0,0,79,0,0,0,0,0,0,0,0,0,0,0,0,0,0
194811,0,18,0,0,0,361,0,0,0,0,0,0,0,0,0,53,10,0,599,0,127,419,218,0,0,56,401,361,0,0
194812,0,69,10,0,20,0,348,165,0,0,0,0,0,0,0,13,0,188,66,0,0,0,0,0,51,0,0,0,734,0,0
194901,0,0,0,188,323,0,0,0,0,0,0,0,0,0,0,0,38,0,137,0,0,0,0,0,0,0,10,20,15,236,124
194902,0,0,0,157,74,69,112,124,33,97,0,0,0,0,0,84,0,0,716,10,0,0,0,0,0,13,300,0
194903,0,0,0,0,0,18,0,0,142,8,0,0,28,249,0,0,0,89,0,0,0,61,0,0,0,0,36,117,0,0,439
194904,0,51,0,76,5,0,0,0,0,0,117,244,0,0,0,0,0,0,0,0,0,81,0,0,0,0,94,333,56,0
194905,43,23,0,0,0,89,0,20,0,0,0,0,0,0,0,0,0,0,0,0,0,0,58,145,0,0,15,51,114,38,0
194906,0,0,0,0,0,0,0,53,0,340,13,66,0,0,84,0,0,0,0,51,18,64,33,48,0,277,18,0,102,10
194907,0,38,0,0,66,8,0,0,0,0,625,0,117,89,234,241,335,28,130,20,0,71,198,10,0,0,20,0,0,0,99
194908,79,56,94,10,0,0,0,0,91,25,0,0,0,231,409,114,0,109,127,58,0,0,0,0,0,0,43,20,0,86,41
194909,0,112,97,0,10,0,0,0,0,0,0,0,0,0,0,0,0,0,8,0,0,71,0,0,0,20,0,0,0,0
194910,8,0,0,0,0,152,0,0,0,0,107,0,0,0,0,0,0,0,0,0,0,0,0,0,0,0,0,0,124,18,38
194911,0,0,0,0,0,0,0,0,0,0,0,0,173,0,0,0,0,0,0,0,0,0,0,38,41,0,0,0,0,0
194912,0,0,0,0,0,0,147,0,0,0,0,0,23,231,178,0,0,91,8,0,0,10,0,0,0,0,0,0,0,0,0
195001,0,0,0,0,0,114,0,0,0,48,175,0,25,0,0,0,48,0,20,0,0,0,0,33,0,0,5,3,0,0,0
195002,0,0,0,0,0,0,5,33,150,208,0,0,18,48,0,0,0,0,0,0,0,371,0,0,0,0,0,0
195003,58,0,13,257,74,229,0,155,0,0,0,0,66,0,249,46,0,0,0,0,8,107,0,0,0,0,183,8,0,0,0
195004,0,0,15,640,18,0,0,0,0,0,13,0,0,0,0,0,0,152,0,0,0,0,0,0,224,18,36,5,0,0
195005,0,0,0,0,0,0,0,0,33,0,0,0,25,102,279,0,46,0,0,8,0,0,0,0,0,0,0,104,89,0,0
195006,0,30,0,51,0,0,551,254,81,0,13,0,0,0,0,0,0,61,0,0,61,0,0,0,0,0,0,81,0,0
195007,0,145,0,13,46,64,0,0,0,0,132,0,0,0,28,0,0,0,0,0,0,5,89,0,0,0,384,64,345,338,0
195008,0,0,0,0,0,0,0,0,0,0,0,0,0,0,0,84,38,0,0,0,0,0,0,0,10,5,15,23,43,251,493
195009,254,25,0,0,0,381,38,0,0,0,0,0,0,0,0,0,58,0,0,0,0,76,0,0,0,0,0,15,0,0
195010,0,0,0,0,0,0,0,8,0,0,0,0,0,0,0,0,51,30,114,81,8,38,0,0,0,0,0,0,0,0,0
195011,0,0,97,0,0,0,0,0,0,0,0,0,0,0,0,43,0,0,0,61,0,0,0,0,0,0,0,0,0,0
195012,0,0,196,0,0,307,10,8,28,0,0,0,0,165,38,0,0,0,0,0,0,0,0,0,0,51,3,86,328,0,0
195101,0,0,66,0,0,66,267,0,0,30,10,0,18,102,0,0,0,0,0,0,0,0,0,91,0,0,0,0,0,51,0
195102,64,0,0,0,0,109,51,0,20,0,0,0,0,0,0,0,0,0,0,38,0,0,0,0,0,0,0,0
195103,0,0,0,196,8,0,0,0,0,0,0,20,0,0,0,0,0,472,109,8,8,0,0,0,0,0,0,0,813,0,0
195104,0,0,0,0,0,20,64,0,8,0,53,10,0,0,0,394,0,58,386,0,0,394,0,0,0,0,10,0,10,5
195105,0,0,13,0,0,0,0,0,0,38,0,0,0,0,0,0,0,0,0,0,0,0,0,0,0,632,0,0,0,71,0
195106,104,0,0,0,0,0,0,0,5,0,0,0,79,0,0,183,33,76,46,0,0,0,0,0,0,0,0,0,0,0
195107,58,56,221,0,0,0,0,0,0,0,0,0,0,0,0,0,0,140,28,132,0,33,0,0,0,0,104,25,521,38,8
195108,0,0,0,0,0,0,0,0,114,0,10,0,0,69,0,64,0,0,0,0,0,0,0,0,0,0,0,0,0,109,0
195109,0,0,0,0,0,147,0,0,0,140,104,0,97,0,191,0,13,0,0,10,3,79,0,142,0,282,61,0,0,0
195408,0,0,0,0,0,0,0,0,0,0,0,0,0,0,0,0,0,10,81,51,328,0,0,0,0,0,0,41,0,0,0
195409,0,0,0,0,0,0,0,0,0,51,0,0,0,0,0,51,5,155,0,0,0,0,0,0,0,0,0,0,0,0
195410,0,0,0,0,0,175,363,0,0,0,0,64,0,0,0,0,0,0,0,0,0,0,0,0,0,0,0,0,0,0,0
195411,0,0,0,0,48,0,0,0,0,0,0,0,0,0,M,M,M,0,0,0,0,0,43,0,0,0,0,M,M,0
195412,0,0,0,0,0,211,0,0,20,0,0,0,M,0,0,0,0,244,0,0,0,0,0,0,0,0,0,0,109,127,0
195501,127,0,0,0,0,0,0,0,0,0,91,0,0,0,0,M,M,0,211,0,0,58,0,124,0,0,0,0,0,0,0
195502,0,0,0,0,0,M,M,0,0,0,0,0,0,0,0,0,28,0,0,0,0,0,0,81,0,0,0,0
195503,0,0,0,0,0,0,0,0,0,0,0,0,0,0,114,0,0,0,0,0,0,196,0,0,0,0,0,0,0,0,0
195505,0,0,0,0,0,0,0,0,0,0,0,0,0,0,0,0,150,0,0,0,196,373,0,0,203,0,0,0,0,0,0
195506,0,0,0,0,0,0,0,0,0,0,112,0,0,0,0,391,0,0,0,0,0,0,0,0,0,0,61,0,0,0
195507,0,0,0,0,0,0,0,147,0,0,381,0,208,74,0,0,0,0,0,0,0,0,0,119,0,445,335,0,0,150,81
195508,0,0,0,0,0,0,15,0,0,0,0,0,0,0,0,0,0,0,0,0,0,0,0,0,0,218,0,229,0,0,0
195509,0,0,353,0,66,0,0,0,0,0,0,0,0,114,0,0,0,0,0,0,0,0,0,0,0,0,0,0,0,0
195510,66,0,0,0,0,0,0,53,0,0,0,0,0,56,0,0,292,0,0,0,0,0,0,0,0,0,0,0,56,0,0
195511,M,0,0,0,0,0,0,0,0,66,0,0,0,0,0,8,0,0,104,0,0,0,0,0,0,328,0,0,0,0
195512,0,0,0,10,0,38,0,0,0,0,0,0,0,0,0,0,0,0,5,0,0,0,0,0,0,0,0,0,0,0,0
195601,0,8,0,0,0,0,0,0,0,0,0,0,0,0,0,0,0,0,0,0,0,M,M,0,0,0,0,0,0,56,0
195602,0,0,0,104,163,366,0,0,185,0,0,0,0,0,0,472,13,0,0,0,0,0,0,0,0,0,0,53,0
195603,0,M,M,0,0,0,0,0,0,0,577,0,0,0,211,132,0,0,0,0,0,0,0,0,0,0,0,0,102,0,0
195604,0,0,0,0,0,0,0,0,0,0,224,0,0,0,0,262,0,0,0,0,0,0,0,58,0,0,0,0,0,0
195605,0,0,M,M,M,M,M,0,0,0,0,0,0,0,0,0,0,0,0,0,0,0,0,221,0,0,0,0,0,0,0
195606,0,0,0,0,0,124,0,0,0,0,0,0,0,107,71,0,48,0,0,0,0,137,25,0,0,0,0,0,0,0
195607,0,36,0,0,0,178,66,0,86,0,0,0,58,0,0,0,0,0,28,0,0,0,0,0,0,427,0,0,84,0,91
195608,0,0,0,0,137,0,0,0,0,0,0,0,0,0,0,218,0,0,0,0,0,0,0,0,0,0,107,0,0,97,0
195609,0,401,0,13,0,89,0,0,224,0,0,0,0,0,0,0,0,0,0,0,0,0,0,1885,0,0,0,0,0,0
195610,0,0,0,0,0,188,0,0,0,0,0,0,0,0,0,0,0,0,0,M,M,0,0,0,0,0,0,0,0,0,0
195612,0,0,0,0,0,0,0,0,0,0,0,0,0,218,366,0,0,0,0,0,0,503,561,0,0,0,0,0,0,0,0
195701,0,0,0,0,0,0,0,0,10,0,0,0,0,0,0,61,0,0,0,0,0,10,132,0,0,170,0,10,0,0,0
195702,0,119,0,3,0,0,0,0,0,0,102,0,0,0,0,0,0,0,0,0,0,0,0,0,437,0,0,0
195703,0,0,127,0,71,8,0,0,0,0,0,0,33,0,0,0,0,0,0,0,0,267,0,978,13,0,0,0,0,0,0
195704,348,0,0,0,838,0,0,0,0,0,0,127,0,152,0,0,0,368,0,0,0,0,94,0,0,0,0,0,0,335
195705,335,13,23,135,0,0,0,0,0,0,353,33,0,0,0,165,0,0,0,56,0,0,0,135,0,0,0,0,0,0,0
195706,0,0,0,0,206,0,28,53,48,23,0,0,0,0,0,0,0,0,0,0,0,0,0,0,203,0,51,43,91,0
195707,0,160,84,193,0,0,0,0,0,0,89,112,0,0,366,0,58,8,48,43,5,0,0,0,0,51,0,0,0,0,0
195708,0,0,0,0,0,0,0,0,0,0,0,0,38,0,0,226,0,170,135,0,0,0,0,0,0,0,163,0,0,0,10
195709,0,0,0,0,30,0,0,51,371,201,97,0,0,0,0,0,152,61,185,183,188,0,0,0,0,0,135,488,25,64
195710,107,3,23,150,3,0,0,0,0,0,0,0,0,0,0,0,46,13,0,0,0,0,0,231,0,0,0,0,0,0,0
195711,0,0,0,0,0,0,0,0,165,0,0,0,0,406,33,0,0,0,246,0,0,0,470,0,71,0,0,0,0,211
195712,0,0,0,28,0,0,0,231,36,8,0,0,0,0,0,0,0,0,0,15,0,0,0,0,0,58,0,0,0,0,0
195801,0,0,0,0,0,0,307,0,0,0,0,0,0,71,0,0,0,0,0,0,213,0,0,295,71,0,0,0,20,0,0
195802,0,0,0,0,0,0,505,0,0,0,48,0,25,0,91,0,0,0,0,0,0,0,0,10,0,241,378,0
195803,0,0,0,0,0,91,221,188,465,0,0,0,71,10,0,0,0,244,10,0,0,0,0,13,3,0,0,0,0,0,173
195804,0,0,0,3,0,150,0,0,0,566,0,0,0,0,279,48,0,0,0,0,0,206,0,0,0,0,0,0,0,163
195805,0,0,0,0,0,20,0,0,0,0,0,0,584,0,0,0,0,0,0,130,163,0,0,0,0,0,0,81,0,0,0
195806,0,36,28,0,0,0,0,0,0,0,0,0,0,0,97,300,23,69,64,259,0,53,0,0,0,86,61,0,0,0
195807,0,0,0,0,0,0,122,196,325,0,0,13,188,0,112,216,0,66,0,0,0,112,97,8,249,0,0,178,20,0,0
195808,0,0,46,0,0,0,0,0,53,0,69,28,0,0,13,0,0,0,0,0,0,0,0,0,147,56,10,0,0,0,0
195809,0,0,0,0,0,0,0,0,0,0,0,0,178,0,30,15,5,0,48,0,58,559,0,0,0,0,0,0,0,0
195810,0,33,0,0,51,0,0,0,0,0,0,0,0,0,0,0,0,0,38,0,0,0,0,0,0,0,0,0,0,0,18
195811,69,0,0,0,145,0,0,0,0,0,0,0,0,0,0,0,0,0,0,0,0,0,0,0,0,0,0,0,142,218
195812,0,0,61,0,0,0,0,0,0,0,307,0,0,145,0,0,0,0,0,0,0,0,0,79,0,0,81,160,0,0,0
195901,117,0,119,0,0,0,0,0,89,0,0,0,0,0,0,378,0,0,0,0,0,320,0,0,0,0,0,0,0,0,292
195902,0,20,508,165,302,0,0,0,74,0,20,0,41,165,114,0,0,0,0,0,0,0,0,0,30,127,43,0
195903,13,0,0,0,0,752,0,0,0,0,0,112,0,0,467,0,0,0,0,0,M,M,0,0,0,0,185,0,0,165,0
195904,0,203,0,0,0,0,0,0,0,0,0,213,0,0,0,0,0,0,0,216,18,0,0,0,0,0,0,0,0,165
195905,0,0,0,0,0,0,0,0,0,0,0,0,157,0,0,0,0,0,0,208,231,38,84,0,0,43,0,0,0,142,155
195906,414,130,0,0,0,3,74,30,0,0,0,0,0,0,30,0,43,76,0,0,0,0,0,191,0,0,0,0,0,0
195907,0,0,0,368,0,0,0,13,0,0,0,165,0,64,0,25,3,0,0,140,279,0,51,0,0,97,0,0,0,0,0
195908,0,30,165,0,0,0,86,104,25,0,0,8,0,216,0,267,0,0,0,0,0,185,0,0,0,0,0,0,0,0,0
195909,0,0,368,0,0,0,0,0,61,36,127,M,M,165,33,5,0,0,0,0,0,0,0,0,0,0,0,0,0,0
195910,0,0,0,0,23,0,196,0,99,0,236,33,0,99,376,8,0,8,0,41,33,0,15,0,0,0,0,0,577,419,0
195911,23,0,0,0,0,0,0,0,0,0,0,0,0,0,0,0,0,0,0,0,0,0,0,193,0,0,0,401,0,0
195912,0,0,13,0,0,46,0,0,0,0,0,284,0,0,0,0,0,203,0,0,0,0,0,0,0,18,0,13,66,0,0
196001,56,0,165,0,0,0,79,0,0,0,0,0,0,0,79,0,0,114,0,0,0,0,0,0,0,0,0,74,137,36,0
196002,0,0,0,157,130,0,0,0,0,0,704,0,406,25,0,0,0,18,0,0,0,269,3,0,122,0,0,0,0
196003,41,0,277,0,0,0,0,0,0,165,127,0,0,0,81,0,0,0,0,0,0,0,0,0,15,259,0,0,13,178,0
196004,0,533,343,406,147,0,0,0,0,0,0,0,0,0,0,0,0,79,0,0,0,0,0,0,33,0,0,0,0,0
196005,0,0,28,0,0,30,163,64,0,135,25,23,0,0,0,0,0,0,0,0,0,0,0,0,0,0,119,0,0,0,0
196006,0,0,61,25,0,38,0,0,33,0,0,0,0,0,30,0,0,86,0,0,0,0,0,10,0,124,15,0,0,0
196007,0,0,0,295,10,0,0,0,0,20,0,38,0,0,58,0,0,0,38,0,0,0,157,0,0,0,0,0,323,0,0
196008,0,0,0,0,33,0,0,0,38,122,185,56,0,13,0,0,0,0,0,0,0,0,442,13,0,102,0,58,0,0,0
196009,79,13,0,0,0,0,0,0,56,165,0,94,0,0,0,56,0,0,0,0,0,0,0,0,678,89,0,0,0,0
196010,0,0,0,0,0,46,140,0,0,0,0,0,0,0,0,0,0,0,0,0,0,0,0,0,0,0,0,0,0,0,0
196011,33,0,0,0,0,0,0,0,0,0,0,0,0,0,0,0,0,0,15,0,0,0,81,0,0,0,0,0,56,23
196012,0,0,0,0,0,0,0,0,0,0,175,0,0,0,163,0,0,0,0,0,178,0,0,0,0,0,5,0,0,94,0
196101,M,0,0,0,0,0,0,64,0,0,0,0,0,424,0,13,0,0,0,79,0,0,0,8,135,218,0,0,66,0,0
196102,0,0,102,0,0,0,302,3,0,0,0,0,0,0,0,0,0,0,358,84,0,0,483,0,64,0,0,25
196103,0,447,0,0,0,0,0,0,64,0,0,0,0,61,0,0,0,310,0,20,53,0,0,0,0,0,0,246,23,0,467
196104,320,0,0,33,0,8,104,0,0,191,0,610,0,0,356,38,0,0,0,0,0,0,0,0,0,0,0,173,0,0
196105,0,117,0,0,0,0,0,0,155,102,0,15,0,0,0,46,0,0,0,0,0,0,0,160,251,191,183,0,0,0,0
196106,0,0,0,0,0,0,0,0,0,0,0,0,0,0,0,69,0,10,0,30,638,0,0,254,0,0,150,15,0,66
196107,91,0,8,0,0,0,0,165,117,0,0,155,191,157,0,25,0,0,0,0,267,0,0,0,0,0,0,18,0,0,0
196108,0,0,0,0,165,0,221,5,439,0,0,0,0,315,582,0,0,0,58,0,28,0,191,25,107,241,58,0,0,0,112
196109,122,25,145,0,0,56,0,0,0,0,399,43,0,0,142,0,0,0,0,0,0,0,0,0,0,0,0,0,0,0
196110,0,0,0,0,0,0,0,0,0,0,0,0,0,0,0,0,0,0,0,0,0,0,0,0,0,0,0,0,0,0,0
196111,0,0,0,30,0,0,28,0,0,0,0,0,0,46,0,13,43,0,0,0,0,0,221,15,0,0,0,0,0,0
196112,0,0,0,0,0,160,13,0,0,0,953,0,533,0,114,53,13,64,0,0,0,0,23,0,0,0,0,74,0,0,0
196201,185,0,0,0,0,1057,0,36,0,36,0,0,0,0,25,0,0,0,0,53,0,0,0,0,0,5,0,340,0,0,0
196202,0,0,0,0,0,28,0,0,0,18,0,0,0,0,0,178,0,0,780,0,43,69,0,104,0,198,0,0
196203,58,312,61,0,0,0,0,0,0,0,30,58,0,0,84,0,0,0,0,0,15,0,89,0,0,165,0,0,0,0,183
196204,1052,0,0,0,0,0,97,86,0,0,0,249,13,0,0,0,0,0,0,0,0,0,0,0,0,0,0,0,351,0
196205,0,0,0,0,0,8,0,0,0,0,0,0,0,0,0,0,0,0,0,0,0,0,0,0,0,0,0,0,0,0,462
196206,254,10,0,0,28,0,0,51,38,10,201,0,0,0,28,0,0,0,28,0,0,0,0,0,104,0,0,13,0,0
196207,0,0,84,33,13,0,0,0,0,0,0,0,51,0,0,25,53,0,0,0,229,0,0,0,0,297,0,0,13,51,0
196208,0,94,0,170,0,0,0,0,124,0,0,0,0,312,71,0,0,0,0,0,0,0,439,564,71,0,0,0,0,0,0
196209,0,0,46,0,0,89,0,0,0,0,0,0,0,0,178,18,0,18,0,0,0,0,0,0,107,91,15,0,0,0
196210,0,109,0,145,0,0,0,0,53,0,0,0,0,0,0,0,0,M,0,0,0,56,0,0,0,0,0,0,0,0,0
196211,0,0,0,0,0,0,0,0,295,0,0,46,0,0,0,0,0,0,38,0,122,109,0,0,0,0,0,0,0,264
196212,0,0,0,0,0,23,0,0,69,0,0,0,0,0,0,58,0,0,0,0,0,79,0,0,160,10,0,0,163,61,0
196301,0,0,0,0,0,41,0,0,0,0,0,432,36,0,0,0,0,155,15,605,244,0,0,0,0,0,0,0,0,58,97
196302,0,0,130,0,0,0,0,0,0,0,610,630,0,0,0,0,0,0,267,0,0,0,0,142,0,0,0,0
196303,0,41,0,0,0,135,0,0,0,0,0,0,13,0,244,0,0,0,0,0,0,0,0,0,0,0,135,0,0,0,0
196304,0,0,0,0,0,0,912,0,0,0,0,0,0,0,0,0,0,0,0,0,0,0,0,0,0,0,0,0,41,185
196305,185,0,0,0,0,0,0,0,0,0,0,0,0,0,61,0,0,0,0,119,0,0,206,0,0,0,0,0,132,0,0
196306,0,0,0,0,0,0,0,58,0,0,0,8,0,0,0,0,198,1019,716,185,58,81,117,130,0,0,638,33,206,36
196307,36,0,0,173,0,0,0,18,M,28,0,0,0,0,0,0,124,0,0,0,0,0,0,0,249,36,0,0,137,0,0
196308,33,0,0,0,0,0,0,0,0,0,0,81,137,178,66,0,0,0,0,0,89,0,0,0,0,0,0,0,0,0,0
196309,0,0,0,0,0,0,0,0,0,0,0,0,0,0,124,0,0,0,0,0,0,0,0,0,0,0,0,612,1273,0
196310,0,0,0,0,0,0,0,0,0,0,0,0,0,0,0,0,0,0,0,0,0,0,0,0,0,0,0,0,0,0,0
196311,0,84,0,0,0,150,0,0,0,58,0,0,0,0,0,0,0,0,0,0,0,0,160,132,0,0,0,0,592,0
196312,0,0,36,0,0,0,0,61,0,0,0,163,84,282,0,0,0,0,0,0,0,0,142,0,0,0,0,0,0,0,257
196401,310,0,0,0,66,0,340,33,709,38,0,91,0,0,0,0,284,13,0,170,0,0,0,0,457,0,0,28,0,0,0
196402,0,0,0,33,0,236,0,165,0,0,0,0,0,124,0,185,0,478,0,0,0,0,0,0,208,0,58,178,0
196403,0,0,927,53,193,0,0,0,0,48,0,0,0,0,5,61,0,0,0,206,0,0,0,0,38,107,0,0,0,0,0
196404,0,0,0,18,0,0,213,0,218,0,0,0,0,511,279,0,0,0,0,0,0,0,0,0,0,53,467,18,20,0
196405,74,472,0,0,0,0,0,0,0,0,0,0,422,0,0,0,0,0,0,0,0,0,0,0,10,0,0,0,0,0,0
196406,0,8,0,0,0,264,0,0,0,0,0,0,0,0,0,0,15,0,0,0,0,363,0,0,124,262,0,0,86,0
196407,0,0,33,0,53,0,0,0,0,0,10,371,749,10,191,0,0,61,30,0,28,0,51,0,109,89,0,142,396,33,0
196408,13,0,0,0,0,0,8,142,94,0,516,193,28,0,0,0,112,15,0,0,0,193,0,48,0,0,0,0,25,0,0
196409,0,0,0,0,0,0,0,0,0,0,117,511,64,0,0,0,0,0,0,28,0,0,0,0,0,0,0,0,0,0
196410,76,0,0,859,165,0,0,0,0,0,0,0,0,0,244,117,0,0,0,0,0,0,0,0,0,0,0,0,0,0,0
196411,0,0,0,0,0,0,0,0,0,0,0,0,0,18,0,0,0,0,0,124,0,0,0,91,244,0,0,0,132,0
196412,0,0,0,254,224,0,0,0,0,0,0,160,0,0,0,0,0,51,0,0,33,0,0,0,404,315,25,0,0,0,0
196501,0,0,0,0,0,0,0,0,0,0,0,0,0,0,130,0,0,0,0,0,0,0,0,320,0,13,0,0,0,0,117
196502,0,157,0,0,0,0,320,0,46,0,0,0,168,211,0,0,508,203,0,0,0,0,0,0,76,0,0,0
196503,0,315,0,231,0,0,0,0,0,0,28,28,M,M,0,0,0,419,0,147,0,0,0,0,0,0,241,244,0,48,46
196504,0,0,0,51,0,0,0,0,0,0,0,0,0,0,0,0,0,0,0,267,0,0,0,0,0,140,0,157,0,0
196505,0,0,0,0,0,0,0,0,0,0,0,0,0,0,0,0,0,0,0,0,0,0,15,0,0,0,0,0,53,0,0
196506,0,0,0,0,97,0,53,180,307,0,216,229,0,216,104,64,150,0,0,0,0,0,0,0,5,0,0,0,0,0
196507,43,122,0,0,307,0,20,122,0,325,0,0,30,0,0,0,0,0,0,0,0,10,0,0,0,28,114,0,0,15,0
196508,0,0,0,0,0,1323,145,208,320,33,79,15,0,0,20,0,0,0,28,0,0,178,0,0,0,0,20,292,89,0,0
196509,0,165,150,0,0,0,0,0,0,0,0,0,0,0,0,0,107,0,58,0,0,0,0,76,0,0,0,38,76,246
196510,490,0,0,0,0,0,315,0,0,0,0,0,0,0,0,0,0,0,0,0,0,0,0,0,0,0,0,0,0,0,0
196511,0,0,0,0,0,0,0,0,0,0,0,0,191,0,0,0,0,0,0,0,0,218,33,0,0,0,0,38,0,0
196512,0,0,0,0,0,0,0,0,0,0,0,0,284,0,25,0,0,M,M,0,0,0,0,0,104,0,0,0,0,0,0
196601,0,0,43,0,340,140,0,0,0,0,0,0,0,124,884,0,0,0,0,15,0,142,0,0,0,290,0,0,69,0,0
196602,0,53,0,0,0,0,0,0,0,0,241,147,630,0,0,0,378,0,46,0,0,0,0,56,0,0,178,508
196603,0,0,188,480,99,0,0,0,0,0,0,0,0,86,257,0,0,0,61,0,0,0,0,185,0,0,0,0,0,0,0
196604,0,0,0,112,46,0,0,0,0,0,0,0,0,0,0,0,0,0,0,0,0,0,91,0,0,15,0,58,0,0
196605,0,0,0,0,0,0,119,0,0,0,0,0,0,25,0,0,81,0,592,89,0,445,89,13,0,0,165,64,0,0,0
196606,0,0,0,0,0,0,0,0,0,381,0,0,0,18,0,0,183,546,28,0,0,0,0,0,0,0,0,0,0,0
196607,0,0,0,0,0,0,0,0,0,28,0,0,0,0,183,0,241,0,0,0,455,0,0,0,0,0,0,0,0,86,0
196608,0,0,0,28,114,25,117,0,0,0,170,28,0,0,0,38,251,13,0,0,0,0,0,0,0,0,0,0,0,0,0
196609,0,0,0,0,0,0,0,0,0,0,0,0,0,30,0,0,0,0,112,38,0,0,0,0,0,0,0,206,25,0
196610,81,0,0,0,0,0,0,0,0,79,0,0,0,0,0,41,0,0,86,0,0,0,0,0,183,0,0,0,0,0,0
196611,0,180,0,0,0,0,0,0,8,0,135,1367,0,0,0,0,0,0,0,0,0,0,0,0,0,0,0,76,0,0
196612,0,0,0,20,0,0,0,0,0,665,0,0,13,0,0,0,0,46,0,0,0,0,0,51,0,0,0,0,244,0,284
196701,503,155,226,0,0,0,0,264,0,79,0,0,0,163,58,0,0,0,0,0,0,0,0,0,0,0,168,0,0,0,0
196702,0,0,25,0,0,81,457,0,30,43,0,244,0,0,0,0,43,0,41,0,69,0,0,0,0,0,0,58
196703,0,0,0,0,0,5,150,0,0,0,0,0,0,0,0,0,0,0,0,0,114,0,0,0,0,0,196,10,84,0,0
196704,0,0,0,0,0,0,0,0,0,0,0,0,0,0,0,0,0,0,0,0,0,0,0,0,0,76,94,0,0,0
196705,0,0,0,0,366,0,0,89,0,0,0,0,0,0,0,0,0,0,0,0,0,193,0,0,0,0,0,0,0,0,94
196706,0,472,66,368,396,79,0,0,0,0,0,0,0,0,0,152,0,0,0,0,66,767,145,30,145,663,399,0,10,30
196707,23,168,239,0,0,0,0,0,48,0,0,0,0,147,0,0,0,0,0,335,38,0,307,0,117,157,0,0,0,178,0
196708,0,0,0,0,0,0,0,0,25,0,91,0,0,0,0,0,0,0,0,201,99,211,137,15,0,0,254,71,0,0,0
196709,0,0,218,0,0,0,89,30,33,0,0,0,0,0,0,0,0,0,0,0,0,0,0,0,0,0,127,0,0,0
196710,0,0,0,0,0,0,0,0,561,0,0,0,0,0,0,0,0,28,0,0,0,0,0,0,112,0,0,0,0,0,198
196711,838,132,0,0,0,0,0,0,0,0,0,0,0,0,0,0,0,0,0,0,0,10,64,0,0,0,0,30,0,0
196712,0,0,318,0,0,0,0,10,99,498,91,0,0,0,0,152,0,0,0,0,0,0,0,0,0,0,0,396,0,0,0
196801,0,320,112,0,0,0,104,0,0,244,38,0,0,0,0,0,0,0,0,0,0,0,0,30,0,0,0,0,0,0,0
196802,0,30,38,0,0,0,0,0,0,0,0,0,0,0,58,61,0,91,0,0,0,0,58,66,0,0,0,0,102
196803,0,0,0,0,0,0,0,0,0,221,376,208,0,0,0,0,53,0,0,0,0,0,124,0,0,0,0,0,0,0,0
196804,0,0,0,0,33,0,0,0,0,0,0,0,0,0,165,0,0,0,0,0,0,0,0,130,64,0,0,221,61,91
196805,0,0,0,0,64,0,0,0,0,0,0,99,0,0,0,0,0,M,M,0,0,0,0,0,363,147,109,178,0,0,0
196806,0,0,56,0,0,0,0,0,0,0,0,0,0,0,0,0,0,0,168,0,0,0,178,0,0,0,53,0,0,0
196807,0,0,0,25,61,20,13,117,53,36,0,25,0,132,0,0,0,0,147,0,0,272,0,0,0,0,0,0,36,0,41
196808,0,8,15,0,0,23,0,0,0,71,0,28,0,254,0,36,0,0,0,0,0,99,23,0,28,366,0,0,0,0,0
196809,0,0,0,0,0,0,0,0,0,0,0,0,0,0,0,0,38,185,13,46,0,0,0,0,0,0,0,0,0,0
196810,0,0,0,89,0,0,132,0,0,0,0,0,0,0,0,0,3,0,33,0,0,0,0,0,0,0,0,0,0,0,0
196811,0,0,0,112,0,0,0,0,0,152,0,213,0,0,0,46,447,28,0,0,0,0,0,0,53,0,0,0,107,0
196812,0,61,0,267,0,0,0,0,0,0,0,0,0,160,0,0,0,0,0,15,0,0,267,0,0,0,0,163,0,0,757
196901,23,0,0,0,0,0,0,0,0,0,0,0,0,0,0,0,0,0,48,23,0,0,84,0,0,0,0,0,3,0,0
196902,0,0,69,0,0,36,0,0,132,0,0,0,0,0,432,86,0,0,0,0,0,69,0,0,0,0,0,0
196903,30,0,0,15,0,0,457,0,76,0,0,0,0,0,0,122,0,363,0,0,0,0,0,569,0,0,0,0,0,0,0
196904,0,0,0,0,0,122,0,0,0,0,8,0,0,51,343,0,0,168,0,0,0,0,0,0,0,0,0,0,0,0
196905,0,0,0,0,0,0,0,439,173,0,0,0,0,89,1245,0,0,41,749,0,137,0,0,0,0,0,0,0,0,0,0
196906,0,0,0,0,0,554,0,0,0,0,0,0,0,0,0,97,0,0,0,0,310,0,0,0,0,0,0,0,0,53
196907,0,0,0,0,0,0,28,0,46,76,28,0,196,104,0,46,257,193,66,61,0,43,56,66,239,0,0,201,0,0,0
196908,0,0,262,53,0,0,0,0,0,0,28,0,0,0,0,15,23,0,94,0,0,577,325,0,0,0,0,0,0,0,142
196909,0,0,0,0,28,0,0,3,0,0,0,0,0,0,0,0,43,0,38,536,564,688,218,0,0,0,0,0,0,0
196910,86,23,0,0,0,0,0,0,46,0,0,0,0,0,0,0,0,0,0,127,0,0,0,0,0,0,0,0,0,0,0
196911,8,0,0,0,0,0,0,0,0,0,0,165,0,132,0,0,0,0,152,0,0,0,0,0,0,0,0,0,0,0
196912,0,0,0,0,0,0,259,0,0,155,28,0,0,0,0,0,0,0,0,0,0,330,0,18,0,351,0,0,0,0,28
197001,46,0,0,0,0,224,0,0,0,0,0,234,0,0,53,0,163,0,0,0,0,0,0,58,0,0,0,0,0,168,0
197002,0,305,97,0,0,0,0,0,53,0,0,0,0,0,0,358,246,0,0,0,0,0,0,0,102,64,0,0
197003,0,0,0,117,406,0,0,191,132,0,0,0,0,0,0,0,0,140,0,376,0,417,0,0,0,0,0,0,213,191,1077
197004,0,81,0,0,0,0,0,0,0,0,30,0,0,0,0,0,28,0,0,221,0,0,0,0,0,0,84,0,0,0
197005,0,0,0,38,0,0,0,0,0,0,0,0,0,0,0,0,69,0,0,0,0,0,0,0,0,0,0,0,312,89,203
197006,0,401,262,335,0,0,0,0,0,0,0,0,0,0,0,0,0,0,0,0,0,0,0,229,89,30,18,0,0,0
197007,0,0,0,0,0,0,0,0,46,23,0,56,0,0,0,0,925,0,0,0,142,0,333,0,20,0,0,0,0,0,0
197008,114,320,0,0,56,0,0,0,56,213,109,89,0,0,0,0,0,0,0,0,241,0,0,25,0,0,249,28,0,0,0
197009,0,0,0,0,0,0,0,137,0,0,0,0,0,0,0,0,0,0,0,0,0,23,0,0,61,475,0,0,0,0
197010,0,0,0,0,0,0,0,104,41,0,48,0,0,0,33,0,0,0,0,43,10,0,0,0,645,0,0,0,0,353,0
197011,0,0,0,0,0,0,0,0,0,432,0,0,0,0,147,0,0,0,0,20,0,0,0,0,0,0,0,0,0,0
197012,0,0,0,0,0,0,0,0,0,0,0,0,0,0,0,546,0,0,0,0,0,0,0,0,0,0,0,0,152,292,282
197101,0,0,0,0,610,0,0,0,81,0,0,5,0,0,15,0,0,0,0,0,0,0,0,0,0,86,0,0,0,79,15
197102,0,0,0,0,183,0,394,81,0,0,0,0,142,0,0,0,0,0,0,820,452,124,0,0,0,0,257,0
197103,203,0,419,0,0,0,114,0,0,89,0,0,0,64,8,0,0,0,203,0,0,0,104,0,0,800,0,0,0,79,0
197104,0,384,130,0,28,231,0,0,0,0,0,0,0,0,0,0,0,0,0,0,0,0,38,109,0,0,0,0,0,820
197105,69,0,0,0,0,0,0,0,165,0,0,0,427,0,0,472,0,0,0,0,150,0,0,0,0,185,0,94,0,0,0
197106,0,0,0,0,0,33,28,0,0,46,0,0,0,66,0,43,462,18,0,0,0,0,38,0,173,0,66,0,41,0
197107,0,0,0,23,376,241,89,0,0,0,0,503,18,0,28,0,231,0,0,0,0,0,0,0,0,64,36,71,0,86,224
197108,170,28,0,0,587,30,157,0,0,0,66,20,0,0,0,0,0,0,0,0,0,0,66,165,0,48,0,0,0,630,41
197109,0,0,0,0,0,0,0,0,0,0,0,0,0,0,0,0,422,15,0,0,0,0,0,0,0,0,0,0,0,0
197110,0,0,0,0,0,0,0,0,0,0,0,0,0,0,0,0,0,8,0,0,8,147,0,0,0,0,0,0,0,0,15
197111,0,25,0,76,0,0,0,0,0,0,0,0,0,0,0,0,0,0,0,36,0,0,0,119,0,0,0,0,848,0
197112,0,46,678,0,0,46,91,0,0,0,119,0,0,0,0,0,51,36,0,457,264,0,0,0,0,0,0,0,0,0,0
197201,0,152,0,0,246,0,0,0,0,0,64,0,163,10,0,0,0,0,0,0,20,0,0,0,0,0,0,0,0,267,102
197202,0,122,173,0,0,0,264,0,0,0,0,0,191,0,0,28,30,0,0,0,0,0,0,0,0,0,183,0,0
197203,0,147,274,0,38,0,0,0,107,0,0,0,0,0,0,53,137,0,0,0,0,0,0,0,0,46,0,0,168,218,122
197204,0,0,0,0,0,0,0,0,0,0,0,0,0,0,0,0,0,0,0,0,0,0,147,0,0,0,0,0,0,46
197205,0,0,0,0,0,0,0,224,191,0,0,61,0,254,0,0,0,124,0,0,0,0,0,0,0,0,0,0,0,0,0
197206,0,0,0,0,0,8,0,0,0,0,41,0,0,0,0,0,0,0,178,1260,61,46,0,0,0,554,89,46,0,0
197207,0,0,0,0,0,25,0,0,0,0,0,0,0,0,0,0,671,0,0,56,0,0,0,0,114,0,0,0,0,0,160
197208,0,0,0,33,89,0,0,0,0,0,0,0,0,145,0,0,0,0,0,0,0,0,0,0,0,20,152,53,0,0,0
197209,0,0,0,0,0,284,0,0,0,0,0,0,0,0,0,0,0,0,0,0,0,0,0,0,0,0,79,0,0,292
197210,79,0,0,0,0,0,0,0,0,0,0,0,0,0,0,0,0,0,0,0,0,0,0,282,0,0,0,351,0,0,0
197211,0,0,51,0,0,81,46,28,0,0,0,0,0,871,0,0,0,0,0,274,0,0,0,0,0,135,0,0,0,28
197212,0,0,0,0,0,1234,439,0,0,0,0,0,0,0,28,53,0,0,0,0,79,206,0,0,0,0,0,0,0,0,236
197301,559,160,0,46,0,0,0,M,0,0,23,0,0,0,0,0,0,0,218,0,0,584,0,0,0,231,38,76,0,0,0
197302,0,122,0,0,0,0,0,0,224,439,0,0,0,257,137,0,0,0,0,0,0,0,0,0,0,0,0,0
197303,0,0,89,0,0,178,0,94,119,0,0,1224,0,0,0,0,439,0,0,0,71,0,0,0,208,0,0,0,124,0,762
197304,249,0,231,38,0,0,0,277,0,0,0,0,0,0,0,0,0,0,43,0,0,0,0,0,0,434,564,0,0,0
197305,0,0,0,117,0,0,0,0,340,0,0,0,0,0,0,0,0,0,0,0,0,0,0,97,25,97,635,254,351,30,0
197306,0,130,0,0,0,20,0,310,33,0,0,0,97,28,0,0,0,8,0,0,348,0,0,0,0,0,0,0,0,0
197307,0,0,0,0,0,130,0,0,0,0,155,0,0,38,0,0,0,107,0,0,0,0,0,0,0,0,401,274,759,0,0
197308,0,300,41,0,0,0,28,0,0,0,0,0,0,0,0,0,302,432,58,0,0,0,0,0,0,0,0,0,0,0,0
197309,0,132,0,0,0,0,71,0,0,0,445,211,206,43,0,0,0,0,0,0,0,0,0,0,0,0,0,132,0,0
197310,0,91,0,0,0,0,0,0,0,0,0,0,0,0,0,0,0,0,0,0,0,0,0,0,0,0,0,0,5,0,0
197311,64,0,0,0,41,0,0,0,0,0,0,0,0,0,0,81,0,0,0,0,0,300,0,0,0,28,0,191,0,0
197312,0,0,0,0,447,0,0,0,0,0,0,0,0,0,0,178,0,0,0,130,0,0,0,0,0,765,211,0,0,81,117
197401,1069,0,5,0,0,0,0,0,0,0,0,38,0,0,0,0,0,0,0,0,173,0,0,0,0,66,483,36,97,160,0
197402,0,20,109,38,0,0,384,229,0,0,0,0,0,0,28,89,0,0,102,0,0,213,0,0,0,0,0,0
197403,0,0,0,0,0,0,0,0,0,0,0,0,0,0,0,0,0,0,0,130,234,0,0,0,114,46,46,218,89,0,0
197404,0,292,51,0,620,0,0,0,107,0,0,0,0,0,28,30,0,0,0,0,0,0,23,0,0,0,0,0,0,0
197405,0,0,0,0,51,191,0,0,0,0,0,231,0,0,0,15,38,84,0,0,0,0,28,0,0,0,137,0,0,38,0
197406,0,86,0,0,0,0,262,137,305,267,79,0,0,46,0,0,0,0,0,0,0,0,0,216,0,0,0,0,0,0
197407,0,0,122,272,84,130,25,0,0,0,0,0,0,0,0,0,0,114,0,0,0,0,0,254,117,0,140,38,142,0,0
197408,0,0,46,0,254,0,0,0,211,0,0,0,0,0,0,20,0,0,0,0,0,0,0,0,0,0,0,0,0,0,0
197409,89,79,25,0,0,254,0,53,267,15,0,0,0,0,0,0,0,0,0,0,0,0,0,0,0,51,879,0,0,0
197410,0,0,0,0,0,0,0,0,0,0,0,0,0,0,0,191,0,0,0,0,0,0,0,0,0,0,0,0,0,0,0
197411,0,0,0,0,0,38,0,0,0,0,0,130,0,0,20,0,0,132,0,0,178,0,0,0,13,0,0,0,0,0
197412,279,0,0,0,0,0,0,137,0,0,0,41,0,0,81,188,0,0,0,378,254,0,0,0,0,0,0,0,0,0,0
197501,0,0,0,84,0,0,0,267,84,0,282,81,475,0,0,0,0,0,0,97,0,0,109,152,0,69,0,0,0,0,0
197502,0,0,231,84,0,56,0,0,0,0,0,0,0,0,0,0,462,241,386,58,0,0,0,249,0,0,0,0
197503,0,46,0,36,0,0,0,51,0,0,0,0,0,462,0,300,196,284,0,0,0,0,46,0,500,0,0,0,0,0,30
197504,64,0,0,0,0,0,0,0,0,917,419,0,0,206,587,0,0,0,0,0,0,0,0,0,0,0,0,0,0,0
197505,66,0,0,0,0,53,0,46,0,0,0,0,0,0,0,155,109,160,0,0,0,0,0,0,0,249,102,0,0,58,361
197506,43,69,0,0,0,36,0,0,104,574,18,38,320,0,0,69,0,0,0,91,51,0,0,0,0,0,64,0,15,0
197507,0,0,0,0,0,0,56,0,0,0,254,0,0,0,0,53,305,820,0,0,122,0,218,0,0,386,89,0,99,561,521
197508,53,0,191,0,94,130,244,0,0,0,28,36,0,0,0,0,0,0,0,0,104,0,0,0,0,41,0,0,0,0,0
197509,0,0,0,0,0,0,152,0,0,0,0,0,53,0,0,0,0,325,0,0,30,0,140,0,0,0,0,0,0,142
197510,0,483,0,0,64,457,0,521,0,0,0,0,0,0,0,0,620,0,0,0,0,0,0,0,0,0,0,0,0,0,0
197511,0,0,0,0,0,0,51,25,0,51,0,61,107,0,0,0,0,0,0,0,36,0,0,0,0,0,140,0,0,0
197512,445,0,0,0,0,0,0,25,0,0,0,0,0,0,0,0,0,86,0,0,0,0,0,0,0,173,0,0,0,165,0
197601,254,0,0,0,0,0,0,254,0,0,0,15,0,97,0,0,0,0,0,0,0,0,0,0,0,0,935,0,0,0,0
197602,0,79,0,0,0,0,58,0,0,0,0,0,0,0,0,0,0,0,0,0,0,315,0,0,0,0,0,0,0
197603,0,0,0,0,0,0,28,0,206,0,0,0,25,0,137,76,33,0,0,0,168,0,25,0,0,0,290,130,0,0,269
197604,338,0,0,0,0,0,0,0,0,0,0,0,0,0,0,0,0,0,0,0,0,0,0,0,282,0,0,0,0,28
197605,396,0,0,0,0,0,0,58,0,0,0,5,66,0,434,114,0,0,0,0,0,0,399,470,0,0,0,99,0,0,0
197606,0,231,0,28,168,0,0,0,0,0,0,0,0,0,0,0,0,0,0,262,0,0,0,0,0,0,0,0,0,119
197607,51,0,0,0,0,107,56,0,0,0,0,0,0,0,0,76,0,0,0,0,0,0,0,20,236,0,74,0,0,0,0
197608,0,0,0,0,0,0,762,25,0,0,0,0,0,0,0,0,30,0,0,0,0,0,0,0,0,13,74,38,0,0,0
197609,0,201,0,97,218,3,272,142,0,0,0,0,0,0,0,0,0,0,0,0,0,0,0,0,528,0,97,33,3,168
197610,0,0,0,0,0,0,526,114,25,0,0,0,0,0,0,0,307,0,0,300,0,0,0,0,0,127,0,0,0,0,142
197611,0,0,0,0,0,0,0,0,0,0,0,3,0,0,71,0,28,66,30,81,15,0,0,0,0,0,414,1161,820,0
197612,0,0,0,0,0,0,208,18,0,0,135,58,79,58,0,0,0,0,0,66,0,0,0,0,0,325,0,0,25,0,51
197701,0,0,257,33,0,0,206,0,0,381,0,0,0,292,76,0,0,0,25,0,0,0,0,61,15,0,0,0,0,0,76
197702,0,0,0,91,0,0,0,0,0,0,0,0,0,0,0,0,0,0,0,53,0,0,0,409,0,0,208,38
197703,0,0,0,269,203,165,147,0,0,0,132,5,0,0,0,0,0,0,0,13,0,732,0,0,0,0,0,0,0,0,117
197704,0,0,0,0,198,0,0,0,0,0,0,0,0,0,0,0,0,0,0,0,0,38,160,0,0,0,0,0,0,0
197705,0,0,0,0,0,0,0,0,28,0,0,0,0,0,0,0,0,0,0,0,0,0,25,0,0,0,170,0,61,0,0
197706,0,0,0,0,0,0,0,0,0,0,0,0,0,0,76,0,0,0,0,33,0,0,0,51,0,38,0,0,0,0
197707,0,0,117,20,51,137,0,0,28,0,0,0,0,0,0,0,0,0,180,51,10,0,0,86,0,0,0,102,0,61,79
197708,0,0,224,490,8,0,0,0,0,0,137,0,0,0,0,53,0,188,20,0,0,0,0,0,0,0,267,8,25,0,0
197709,0,30,0,15,0,64,163,191,0,0,0,0,0,13,267,91,178,0,46,0,0,0,0,0,0,122,43,0,0,0
197710,102,38,0,0,0,0,0,0,178,0,5,0,0,0,0,0,0,0,0,0,0,0,0,38,142,13,0,0,0,0,0
197711,0,0,91,1003,178,445,0,0,0,104,0,0,0,0,0,0,160,102,0,0,0,0,28,122,0,0,0,0,0,0
197712,114,0,0,0,371,89,0,0,38,0,0,0,0,312,0,0,0,132,0,8,201,0,0,0,58,0,0,0,0,112,84
197801,0,0,0,0,0,0,0,0,157,0,0,0,211,0,0,0,150,0,396,241,0,0,0,0,1295,485,0,0,0,0,0
197802,84,224,0,0,0,0,0,0,13,0,0,0,43,0,0,13,0,175,0,0,0,0,0,0,0,0,0,84
197803,89,0,175,0,0,0,0,897,28,231,0,5,0,305,0,0,0,0,0,0,0,122,0,0,0,0,0,0,0,0,0
197804,0,0,0,0,0,0,0,0,0,0,0,15,434,46,0,0,0,0,594,0,0,0,0,0,0,74,0,0,0,0
197805,0,277,8,592,0,0,25,41,145,279,0,0,81,0,0,0,0,119,30,0,0,0,0,0,0,0,122,0,0,0,0
197806,0,0,140,203,0,0,259,25,211,0,0,25,84,0,0,0,0,0,0,0,0,0,0,0,0,0,0,0,0,213
197807,0,165,0,0,46,142,0,0,0,0,76,0,0,0,0,13,0,0,0,0,94,0,0,0,249,434,91,0,0,0,345
197808,320,0,0,0,147,53,33,53,84,119,226,13,0,0,0,3,0,0,13,0,5,0,0,0,0,0,0,0,0,0,0
197809,0,0,0,0,0,0,0,0,0,0,10,0,0,155,0,0,64,0,0,0,10,10,0,0,0,0,0,0,0,0
197810,15,0,0,0,0,0,0,0,0,0,0,0,0,203,0,0,0,0,0,0,0,0,0,0,0,0,0,0,0,0,0
197811,0,0,0,0,0,0,0,51,0,0,0,0,0,0,0,0,0,33,0,0,0,0,0,0,0,0,231,305,3,229
197812,0,0,0,10,0,56,0,0,0,38,0,0,0,0,0,0,89,0,0,0,28,0,0,351,36,0,0,0,0,0,0
197901,0,566,0,0,0,0,180,188,0,0,0,66,74,0,0,0,0,0,0,0,810,0,0,277,0,0,104,0,0,0,94
197902,0,0,0,168,15,104,333,0,0,0,0,0,0,3,0,0,0,0,79,0,592,0,64,919,64,0,0,0
197903,0,0,86,333,0,0,0,0,0,0,206,0,0,0,0,0,0,0,0,0,0,0,231,74,0,0,0,0,0,0,0
197904,0,0,0,206,389,0,0,13,43,0,0,0,0,282,0,0,0,0,0,0,0,0,0,0,432,559,53,0,0,0
197905,0,0,10,0,0,0,0,15,13,0,0,0,0,86,0,0,0,0,0,152,0,0,25,112,0,0,0,0,0,0,51
197906,155,0,0,0,0,0,3,0,0,0,0,0,0,0,0,0,0,0,0,0,3,424,0,79,208,0,0,0,0,0
197907,76,0,0,0,0,198,13,107,0,0,18,231,30,114,251,0,0,0,384,8,0,0,0,0,76,8,5,0,0,56,0
197908,107,0,0,0,0,0,46,0,0,0,5,0,0,0,0,0,0,0,0,0,0,0,84,25,15,0,465,0,0,61,267
197909,0,20,15,0,0,0,0,0,0,0,0,0,135,241,0,0,290,28,0,0,13,142,0,0,51,511,371,318,10,0
197910,0,0,0,0,15,0,0,0,0,0,0,0,0,0,0,0,0,0,0,0,0,0,0,23,0,0,0,0,0,170,0
197911,20,0,0,0,0,0,0,0,0,81,206,76,0,0,0,0,0,0,0,0,0,0,0,366,30,175,0,0,0,0
197912,0,0,0,0,0,175,51,0,0,0,0,0,0,157,25,20,0,0,0,0,0,0,0,0,198,0,0,0,0,89,0
198001,0,0,0,66,0,0,0,0,91,0,0,79,0,0,0,0,28,58,0,0,0,0,279,0,0,173,33,8,0,0,140
198002,0,0,0,0,0,76,0,0,0,107,0,0,0,0,0,0,15,0,0,0,0,0,10,0,0,0,0,0,0
198003,0,211,0,0,0,292,0,650,10,216,193,5,533,0,0,0,0,467,0,20,130,0,0,0,165,0,66,46,69,419,0
198004,0,0,20,312,0,0,0,36,178,0,0,0,33,584,0,0,0,0,58,30,0,0,0,0,0,M,M,M,0,0
198005,0,10,0,30,0,0,0,198,89,0,0,0,0,0,94,0,0,114,0,338,0,89,97,239,0,89,0,0,0,0,0
198006,0,0,0,0,0,0,0,0,0,0,0,0,0,0,0,0,0,0,13,295,0,76,0,399,218,117,0,5,0,193
198007,0,0,0,0,0,0,23,0,0,0,0,0,0,0,0,0,772,0,0,0,0,0,0,30,173,0,0,249,8,0,0
198008,0,0,0,0,0,0,0,0,0,25,297,178,0,0,0,107,0,0,0,0,0,38,0,0,0,0,0,0,180,0,0
198009,0,0,0,0,0,0,0,0,0,0,0,0,0,0,0,0,0,508,521,8,0,0,0,0,0,0,0,0,114,58
198010,74,0,0,0,0,0,0,0,0,0,0,0,0,0,0,0,0,0,13,51,0,0,0,5,127,0,0,419,66,117,8
198011,0,0,0,0,0,0,0,0,0,0,0,0,0,0,0,0,0,15,0,0,0,0,0,269,0,0,211,0,0,0
198012,0,0,0,0,0,0,0,0,0,0,81,0,0,0,0,0,0,0,0,0,0,0,0,0,114,0,0,0,0,0,0
198101,0,0,0,0,0,0,155,0,0,0,0,0,0,0,0,0,0,0,0,0,145,0,0,0,0,0,0,142,0,0,0
198102,0,208,0,0,0,91,36,0,0,0,1615,0,0,0,0,5,0,368,0,0,0,0,56,0,0,0,0,0
198103,0,0,0,0,508,0,0,0,0,0,0,0,0,0,0,117,0,0,117,0,0,363,71,0,0,0,0,0,0,0,330
198104,76,180,0,0,0,46,0,0,0,0,0,0,0,0,0,0,0,0,0,0,33,0,0,56,0,0,0,0,0,239
198105,0,0,0,0,0,10,201,0,0,0,0,0,0,0,0,0,0,0,0,188,0,0,0,0,0,0,366,0,0,0,0
198106,0,0,173,305,132,41,0,41,74,132,117,0,41,0,0,0,0,0,0,0,0,0,0,23,0,0,0,0,0,0
198107,0,76,0,0,10,0,84,0,0,0,0,0,0,0,0,0,0,0,0,0,597,0,0,0,91,0,0,0,0,0,140
198108,0,119,0,28,0,0,0,262,295,0,0,432,279,0,0,0,0,0,0,0,0,46,25,0,0,0,0,0,0,41,38
198109,0,71,0,0,0,0,0,0,0,0,0,0,0,0,0,198,0,0,0,0,0,0,0,0,0,0,0,0,0,0
198110,0,0,10,0,0,0,0,0,28,53,206,0,0,0,0,0,0,0,15,0,0,0,0,102,218,389,20,0,0,0,0
198111,0,0,0,0,0,0,0,0,0,127,28,0,0,0,0,0,3,0,0,13,0,0,0,20,0,0,0,0,0,0
198112,28,168,0,0,0,0,0,0,0,0,0,0,135,117,310,0,0,84,0,0,0,0,0,0,114,0,135,0,234,0,384
198201,112,0,0,584,0,0,0,249,0,0,0,0,140,231,25,0,0,0,0,0,0,0,0,94,0,0,0,0,0,0,M
198202,152,53,762,64,0,0,0,0,0,157,0,0,419,0,0,76,381,0,0,0,0,0,0,0,0,0,165,23
198203,0,0,0,0,0,137,417,0,0,0,0,0,0,0,0,0,0,0,10,0,0,58,290,0,28,28,0,0,0,0,0
198204,M,M,M,41,M,244,M,M,104,117,M,M,M,M,M,M,M,23,M,206,234,M,M,M,76,173,0,M,M,M
198205,0,0,0,0,0,0,0,107,0,0,0,0,0,0,0,0,0,0,0,244,0,46,0,10,0,0,25,0,0,5,0
198206,0,0,0,10,201,0,0,0,0,0,0,0,119,165,0,0,97,81,0,0,0,173,0,0,84,0,241,155,434,135
198207,0,0,0,0,0,8,0,0,0,43,38,0,15,0,0,117,10,36,13,137,348,10,470,157,23,0,0,0,99,0,25
198208,155,69,0,0,0,84,46,18,30,81,226,8,5,0,0,0,0,41,91,117,0,0,0,0,0,0,0,0,0,0,0
198209,0,0,216,155,0,0,0,0,0,147,76,46,0,0,0,0,0,0,13,0,25,0,0,0,0,0,25,0,0,0
198210,0,0,0,0,0,0,23,99,0,0,0,0,69,5,0,0,0,0,0,0,0,0,0,0,0,0,0,0,0,0,0
198211,13,0,160,452,0,0,0,0,0,0,0,0,104,0,0,0,0,53,124,0,0,0,0,0,0,0,0,0,378,15
198212,8,0,0,0,640,51,0,0,0,0,5,292,0,0,0,180,0,0,15,0,0,0,0,0,0,0,0,0,366,0,193
198301,178,191,114,0,0,0,0,0,0,0,0,0,0,0,0,0,0,0,0,127,213,46,0,0,0,0,102,13,0,56,0
198302,0,351,0,0,0,76,0,0,0,0,135,0,0,406,0,0,38,0,0,0,0,25,191,0,36,0,0,51
198303,203,0,0,0,0,1102,0,0,0,0,0,0,0,0,0,150,51,132,0,0,208,0,0,109,0,554,0,0,0,0,38
198304,0,53,0,0,0,0,0,267,538,56,0,0,0,0,279,0,0,13,30,0,0,0,353,0,0,0,0,0,0,0
198305,0,0,0,38,0,0,0,8,0,0,76,0,0,0,0,635,0,0,0,89,0,0,0,0,0,0,0,0,0,0,M
198306,0,0,0,0,91,0,155,259,0,0,0,0,0,0,0,0,0,0,0,0,51,191,0,0,0,0,0,69,549,310
198307,0,0,0,0,0,91,0,0,0,0,0,0,0,0,0,0,0,0,15,0,0,0,0,0,0,211,447,0,0,0,0
198308,71,109,234,0,0,5,0,0,69,0,0,160,0,0,0,0,0,0,0,0,0,0,0,0,0,43,0,0,46,91,0
198309,0,234,0,170,0,333,66,0,0,0,0,373,203,259,0,0,0,0,0,94,41,51,0,0,0,0,0,0,0,0
198310,0,0,0,0,0,0,0,0,0,25,10,10,206,0,0,0,0,0,0,0,0,0,56,0,0,0,0,0,0,0,0
198311,0,0,0,0,107,0,0,46,0,0,0,0,0,0,53,51,0,0,0,574,0,0,0,508,0,0,0,394,0,0
198312,0,0,0,183,0,231,0,0,0,0,0,572,0,30,0,0,0,64,89,0,0,0,25,0,0,0,0,338,97,0,0
198401,0,0,0,0,0,0,0,0,0,0,185,0,0,0,0,86,43,0,318,0,0,0,0,465,84,15,76,0,0,0,0
198402,0,0,0,30,0,0,0,0,0,0,0,0,325,15,0,0,0,0,0,0,13,0,46,0,0,0,554,0,0
198403,0,0,0,0,0,813,20,0,0,0,0,0,53,0,0,0,0,0,0,33,140,0,0,0,216,0,0,28,0,0,0
198404,0,0,307,51,0,0,0,0,401,0,0,0,0,0,0,0,0,0,0,10,0,0,739,0,0,0,33,0,28,0
198405,28,0,0,1250,0,0,0,0,0,0,0,0,0,0,333,0,0,0,0,0,0,191,5,0,0,0,0,0,71,0,0
198406,0,0,0,0,0,0,0,0,0,0,0,0,8,0,0,178,0,0,0,0,30,218,0,0,0,0,0,0,15,30
198407,0,0,130,229,0,0,10,53,0,0,74,0,330,104,0,0,0,130,140,61,0,20,0,46,122,0,0,0,0,279,292
198408,15,241,287,M,0,0,0,0,0,0,0,51,140,147,0,0,0,25,0,51,0,0,0,483,0,0,5,0,0,0,0
198409,0,0,0,0,175,0,0,0,0,0,0,0,0,97,0,0,0,0,0,0,0,0,0,0,0,0,0,0,0,0
198410,0,0,0,0,0,0,0,0,0,0,0,0,0,0,0,135,0,0,0,0,0,51,0,0,0,0,0,0,163,0,0
198411,0,0,0,84,0,0,0,0,0,0,231,0,0,0,0,0,0,0,114,0,0,0,0,0,0,0,0,305,0,0
198412,0,0,0,0,450,0,0,0,0,0,0,0,0,0,0,0,0,0,0,0,0,0,86,0,0,0,0,0,0,0,0
198501,0,142,640,94,0,0,0,0,0,0,0,0,0,0,0,0,137,0,0,0,0,0,0,0,38,0,0,79,0,0,231
198502,0,445,0,8,274,1179,0,0,0,0,0,142,0,15,0,0,0,0,0,0,0,0,0,0,183,5,180,3
198503,0,254,0,0,0,0,0,0,0,0,0,0,0,0,5,0,119,0,0,0,112,33,0,0,0,0,0,0,0,0,0
198504,41,0,15,0,0,193,0,0,0,0,0,0,0,0,0,236,0,0,0,0,0,0,15,0,0,0,0,0,0,0
198505,0,0,13,0,0,0,0,0,394,594,0,0,0,0,0,0,0,0,0,0,0,0,310,0,0,0,0,0,0,3,0
198506,0,0,0,0,0,0,0,0,0,0,0,152,0,0,0,41,216,74,216,81,0,0,0,0,0,84,0,0,102,5
198507,0,0,0,178,201,168,361,0,0,0,0,0,25,0,0,183,43,305,51,0,0,0,0,0,0,330,257,0,0,79,0
198508,86,0,0,0,0,0,0,404,41,20,0,0,0,0,0,178,69,0,0,0,0,0,0,0,79,36,193,0,0,173,0
198509,0,0,0,0,533,0,0,0,36,0,0,0,0,0,0,0,0,0,0,0,0,0,0,157,0,0,0,0,0,0
198510,445,137,51,257,0,0,0,0,0,0,0,0,0,0,0,51,0,0,0,0,0,0,0,0,0,0,0,206,305,5,53
198511,340,0,0,0,0,0,0,25,0,0,0,0,0,0,0,0,0,0,0,0,0,396,0,0,0,0,0,0,249,58
198512,0,356,0,0,0,0,0,0,0,0,0,122,775,0,0,0,0,0,0,0,0,0,0,0,0,0,0,0,246,0,0
198601,274,0,0,0,91,0,0,0,0,198,229,0,0,0,0,0,0,0,46,0,0,0,51,0,0,0,0,0,0,0,0
198602,0,0,0,0,0,267,381,51,0,0,142,0,0,0,51,0,0,102,46,0,0,0,102,0,0,0,0,0
198603,0,0,0,0,3,0,0,0,0,0,0,0,0,800,0,0,0,0,18,196,0,0,0,0,0,0,0,0,0,0,0
198604,0,0,0,0,0,0,0,0,0,0,0,0,0,0,208,0,0,0,0,0,18,20,0,0,0,0,0,0,0,0
198605,0,0,0,0,0,0,0,0,0,0,0,0,0,13,0,0,0,0,104,71,0,0,0,0,0,0,0,18,0,185,117
198606,0,0,0,0,0,0,0,0,0,0,0,0,0,0,0,0,0,81,51,0,0,0,0,0,0,23,117,371,0,0
198607,0,0,0,0,0,0,53,0,0,0,0,56,0,0,0,0,28,185,0,127,53,56,64,0,38,0,234,0,0,0,0
198608,53,0,0,0,0,0,0,91,0,0,0,41,0,0,51,0,0,76,0,0,69,0,0,0,0,0,0,0,183,0,117
198609,0,28,122,0,79,0,0,43,102,0,0,0,178,0,0,0,0,104,0,0,0,0,0,0,0,0,0,0,0,0
198610,36,0,0,0,0,0,0,0,0,25,0,0,0,231,0,0,0,0,0,0,0,0,0,0,81,267,0,0,0,0,0
198611,38,0,0,0,0,36,0,0,0,0,0,0,0,0,0,0,71,94,0,28,51,0,0,0,119,424,0,25,64,356
198612,20,84,0,0,0,0,0,0,0,89,140,145,0,0,0,89,0,0,25,0,0,0,213,193,0,0,0,0,0,0,0
198701,208,0,0,0,180,155,0,0,0,0,0,0,0,0,61,0,213,0,254,0,0,533,36,0,208,0,0,0,0,0,0
198702,0,140,0,0,0,239,185,0,0,0,0,0,0,0,0,218,0,0,0,0,M,130,20,104,43,15,61,208
198703,81,0,0,0,0,0,0,292,33,0,0,86,0,0,0,0,0,157,450,0,0,0,0,56,0,0,10,79,0,292,234
198704,0,0,28,0,0,0,0,0,0,0,0,0,0,0,97,0,0,0,0,0,0,0,0,0,0,0,0,0,0,0
198705,0,30,0,0,0,0,0,130,0,0,0,218,0,76,25,71,127,79,290,0,0,117,0,0,61,0,0,0,0,0,0
198706,0,0,0,28,216,0,0,0,0,0,0,0,86,305,696,198,274,122,28,10,38,254,147,0,0,0,178,0,0,0
198707,0,13,64,89,483,0,0,0,0,0,0,0,0,0,318,0,0,0,0,0,0,0,0,0,0,28,0,0,0,0,0
198708,0,0,0,46,0,0,0,0,0,0,0,0,46,213,25,0,0,0,0,0,0,0,0,0,0,0,0,0,0,71,0
198709,61,0,0,0,15,30,18,0,15,0,0,211,259,0,0,0,0,0,0,53,0,0,0,0,0,0,0,0,0,3
198710,0,0,0,0,0,0,0,0,0,0,0,0,0,0,0,0,0,0,0,0,0,0,0,0,0,0,0,0,0,0,0
198711,0,0,0,0,53,0,0,0,0,25,0,0,0,0,0,0,660,97,0,0,0,0,0,0,0,0,0,0,53,0
198801,0,262,173,36,0,0,0,97,0,0,0,0,0,28,0,0,0,173,274,267,0,0,0,0,112,0,0,0,0,0,0
198802,0,0,0,183,43,112,0,0,0,0,0,41,0,0,165,0,0,0,572,122,102,0,0,0,0,0,0,0,0
198803,0,0,0,935,0,0,0,0,76,155,0,0,43,0,0,0,0,25,71,0,0,0,0,0,0,292,241,0,0,0,0
198804,13,0,8,0,0,0,84,0,0,0,0,132,0,0,0,0,0,0,348,0,0,0,196,0,0,152,0,0,0,0
198805,0,0,0,0,20,0,0,0,0,0,20,0,0,0,0,0,165,0,0,0,0,0,0,0,259,0,0,0,0,0,0
198806,0,0,0,0,0,0,0,10,0,20,0,0,0,0,0,0,0,0,3,0,0,0,0,0,51,20,53,0,0,0
198807,130,211,277,307,58,104,0,0,0,0,130,89,0,0,0,86,0,0,56,61,0,0,0,0,0,0,0,0,0,0,0
198808,0,0,0,20,0,0,0,0,0,0,0,0,0,0,137,36,0,0,0,0,0,0,0,0,13,0,0,0,373,0,0
198809,25,0,28,368,673,0,0,0,41,467,0,0,0,0,0,0,0,325,0,0,0,0,0,0,178,0,0,0,0,0
198810,0,0,193,71,0,0,0,0,0,0,0,0,0,0,0,0,0,0,0,0,58,10,0,0,0,0,0,0,0,0,0
198811,18,0,0,0,203,0,0,0,0,0,0,0,13,0,0,0,36,0,0,81,0,0,41,0,0,0,0,64,0,0
198812,0,0,0,0,0,0,0,0,0,0,91,5,0,0,38,0,0,0,0,0,0,0,0,0,20,0,0,0,76,0,0
198901,112,0,0,0,0,0,0,0,127,102,0,0,0,25,0,13,0,0,0,86,0,0,0,0,0,0,0,0,0,0,165
198902,0,0,0,28,0,56,0,0,0,0,0,0,0,0,0,0,0,0,38,0,876,165,0,0,0,0,0,102
198903,0,25,196,0,0,79,0,3,0,0,0,0,0,0,0,0,8,0,0,0,0,147,292,25,0,0,0,0,0,310,0
198904,0,0,0,0,279,0,0,0,84,226,376,0,0,0,56,30,0,0,0,56,0,0,0,0,0,0,0,0,0,33
198905,152,279,0,0,0,20,0,0,0,122,0,0,0,0,3,0,0,0,0,0,94,0,0,318,0,0,0,0,0,0,0
198906,0,0,0,0,0,79,5,0,818,0,0,183,0,20,91,292,318,89,0,76,33,0,46,0,0,295,0,0,254,292
198907,18,30,137,41,38,0,104,0,0,0,25,0,0,711,46,20,160,0,0,508,97,33,178,20,38,102,0,0,0,0,0
198908,0,0,0,51,0,0,0,0,76,0,0,0,0,0,597,0,0,0,0,0,0,13,0,0,0,0,66,0,0,0,0
198909,155,127,5,0,0,0,0,0,0,0,0,0,0,0,0,30,0,0,0,0,0,15,0,0,64,165,0,15,0,13
198910,838,777,0,0,0,0,0,0,0,0,0,0,0,5,0,0,165,168,0,0,0,0,0,0,0,0,0,0,0,0,0
198911,0,0,69,0,0,0,0,241,1158,0,0,0,0,0,178,274,0,0,0,0,0,0,231,0,0,0,0,0,51,0
198912,0,0,0,0,0,0,0,432,152,0,0,0,312,0,0,36,0,152,64,206,0,0,0,3,0,0,0,0,0,0,229
199001,622,0,0,0,0,356,163,173,0,0,0,0,0,0,0,0,0,0,0,0,432,0,0,0,102,97,0,0,0,66,23
199002,0,0,0,0,0,0,0,0,13,132,91,0,0,0,0,0,305,0,300,25,0,0,152,0,0,0,0,0
199003,0,0,89,0,0,0,0,0,0,0,0,0,0,0,0,208,1245,0,0,0,0,0,0,0,0,0,0,0,0,0,165
199004,0,56,46,0,0,0,89,0,0,0,107,0,0,0,28,0,0,0,0,0,0,0,0,0,0,0,0,104,0,0
199005,0,0,0,0,18,0,0,0,152,274,0,0,183,36,0,0,0,0,0,0,0,274,0,0,0,0,0,0,0,0,0
199006,0,335,178,343,0,0,0,0,0,81,0,0,0,0,0,0,0,0,0,0,0,0,109,0,0,0,0,0,0,0
199007,0,0,142,147,0,0,0,0,363,0,0,0,0,0,20,109,20,185,28,127,0,0,0,0,0,0,0,0,0,0,0
199008,0,0,0,0,0,216,0,0,0,0,0,0,0,0,0,0,0,0,38,20,0,0,0,0,0,0,0,25,0,36,0
199009,0,267,0,0,0,0,0,0,0,0,290,8,0,0,0,0,0,0,0,0,0,0,0,0,0,0,0,0,0,38
199010,0,0,0,0,25,0,0,0,0,0,33,0,0,0,0,0,0,178,0,0,0,0,165,0,0,0,0,0,0,0,0
199011,0,0,0,0,0,64,0,0,0,323,0,0,0,0,0,0,0,0,0,0,0,0,0,0,0,0,0,0,25,0
199012,0,0,0,152,0,0,20,84,0,0,0,0,0,0,0,0,0,0,114,168,0,0,0,290,0,0,0,0,0,20,23
199101,191,140,0,254,0,13,97,25,0,0,279,140,0,0,0,178,0,0,246,198,0,0,0,191,140,0,0,188,0,683,610
199102,0,0,0,0,0,38,71,0,0,0,0,0,0,64,0,0,25,0,0,0,25,0,264,0,0,0,0,0
199103,0,859,315,66,0,0,0,15,0,0,0,0,53,0,0,0,180,191,0,0,0,0,0,0,0,0,0,0,0,152,0
199104,0,0,0,0,25,0,0,36,0,305,0,0,8,0,0,180,0,0,0,0,0,0,508,0,0,18,142,0,0,36
199105,18,81,0,0,0,208,20,0,71,15,0,226,0,102,0,0,0,0,406,104,0,0,0,0,188,0,64,51,33,0,0
199106,0,279,38,0,18,0,0,0,0,0,0,0,0,0,25,0,38,0,0,97,0,0,0,107,318,363,508,20,0,48
199107,0,0,0,0,160,71,198,0,206,122,0,0,0,0,0,46,28,0,0,0,0,0,0,0,305,0,0,0,0,15,0
199108,0,0,0,0,0,0,15,0,0,0,0,155,23,13,74,0,0,0,0,152,0,0,0,0,241,0,0,132,0,0,0
199109,0,0,0,0,0,0,0,33,0,0,0,0,0,0,0,0,0,0,0,0,0,0,0,0,64,0,0,0,0,0
199110,0,0,0,0,0,0,0,0,0,0,0,0,0,0,224,0,0,0,0,0,0,0,0,0,0,0,0,0,0,0,0
199111,0,0,41,0,0,0,0,0,0,0,0,0,0,0,0,0,0,0,0,0,3,838,0,0,0,0,0,0,0,0
199112,0,0,79,231,0,0,0,0,76,0,0,0,0,0,79,0,0,0,0,0,0,0,0,51,0,0,0,56,8,0,0
199201,0,25,38,0,0,0,0,0,97,0,0,0,643,376,0,0,0,439,439,0,0,0,351,0,0,0,152,64,66,28,28
199202,0,0,0,0,89,419,0,0,0,0,0,0,0,0,13,312,246,107,38,0,0,0,241,0,33,38,0,0,0
199203,0,0,0,0,0,673,64,0,0,0,221,221,0,0,0,0,0,0,533,0,0,0,20,0,0,84,0,0,0,23,0
199204,0,0,0,0,0,0,43,0,0,0,0,0,74,0,0,0,0,0,0,38,241,0,0,0,0,0,0,0,0,0
199205,0,0,0,0,0,0,25,0,0,0,0,0,0,33,0,25,0,0,0,0,0,0,0,0,0,0,137,36,112,0,0
199206,0,0,0,257,0,0,0,36,203,0,97,20,137,152,0,0,0,0,229,0,0,0,0,0,0,0,0,0,0,0
199207,53,305,0,0,0,0,0,0,130,0,0,206,0,0,0,33,269,38,13,38,0,20,0,46,0,0,0,132,117,25,0
199208,0,0,0,0,46,0,0,0,0,0,0,0,76,41,0,36,66,0,0,76,0,0,71,0,0,0,33,0,0,0,0
199209,0,0,0,0,0,132,0,0,0,0,0,0,0,0,0,0,0,0,0,20,0,0,0,0,0,0,18,147,0,0
199210,0,0,38,508,0,0,0,0,0,0,135,0,0,0,0,0,0,0,0,0,0,0,0,0,0,0,0,13,0,0,0
199211,0,292,0,1105,394,41,0,0,0,0,0,66,122,0,0,0,0,0,0,41,0,0,18,8,521,726,43,0,0,0
199212,0,0,0,0,0,0,64,86,239,239,0,0,0,0,0,0,376,25,0,0,30,0,0,0,0,0,0,0,0,0,0
199301,0,0,0,0,25,0,13,338,41,0,0,244,142,0,0,25,0,0,0,0,51,71,0,0,137,0,0,0,0,0,0
199302,0,0,0,0,0,0,310,18,0,0,0,102,0,0,0,203,157,0,0,0,25,157,0,0,0,236,0,0
199303,0,0,203,249,0,0,0,0,0,0,0,0,521,89,0,0,183,267,0,0,0,0,0,0,0,61,528,0,0,0,338
199304,0,0,0,0,13,0,0,0,0,53,0,0,0,0,0,114,0,0,0,0,30,0,0,0,0,109,0,0,0,0
199305,0,0,51,165,0,0,0,0,0,0,0,0,117,0,0,0,0,0,0,76,0,0,0,0,51,79,0,0,0,0,0
199306,0,0,0,0,0,0,0,0,0,0,0,178,0,112,10,0,0,0,0,0,0,0,0,0,43,48,0,188,71,142
199307,97,0,0,0,0,0,0,178,0,0,0,0,0,142,0,0,0,20,84,18,0,0,0,0,0,0,0,0,53,0,0
199308,0,0,0,0,38,419,135,66,145,13,0,0,0,0,0,0,0,0,0,0,0,0,0,0,0,0,0,51,15,0,0
199309,20,203,0,0,81,0,107,127,0,8,0,0,0,0,0,0,28,0,0,0,0,0,0,0,0,0,0,0,0,0
199310,0,0,0,0,0,0,0,58,0,0,0,0,0,0,0,104,30,0,0,0,0,0,13,0,0,0,0,0,0,1163,23
199311,0,0,0,0,132,429,0,0,0,46,0,0,0,0,0,0,173,0,0,0,0,0,0,0,0,20,528,0,0,0
199312,0,0,0,0,0,157,0,0,0,0,46,0,0,165,0,0,0,0,0,71,224,0,356,0,0,0,0,0,0,0,0
199401,0,25,20,53,0,0,0,0,0,0,0,69,23,0,0,0,0,206,0,0,0,0,0,0,0,0,0,533,53,145,0
199402,0,0,0,0,69,170,0,0,0,411,305,0,0,0,0,0,0,0,0,0,0,0,5,462,0,0,0,0
199403,0,853,0,0,0,0,0,0,0,249,0,0,0,0,0,0,0,0,0,0,0,0,0,76,447,0,0,145,229,0,0
199404,0,0,0,36,0,0,0,0,0,0,0,0,411,0,0,236,0,0,0,0,0,94,185,0,0,119,0,0,0,0
199405,41,0,0,457,0,0,0,208,0,0,0,0,0,0,0,0,0,0,0,0,0,0,0,0,0,0,0,0,0,0,0
199406,0,0,0,0,239,234,157,127,0,117,0,284,0,0,0,0,122,8,0,0,0,0,0,0,104,251,25,0,0,0
199407,0,0,102,876,89,2642,338,122,0,0,5,325,0,0,0,23,0,0,0,208,30,0,0,20,0,51,257,150,0,0,0
199408,0,0,46,0,0,0,0,0,0,0,0,0,0,64,76,508,0,0,0,43,0,180,0,0,0,0,0,0,0,43,0
199409,0,0,13,0,0,0,0,25,30,0,0,0,0,0,0,0,64,290,0,0,0,0,0,157,0,0,0,0,0,0
199410,0,376,218,0,0,0,0,0,0,38,71,64,0,0,0,0,0,0,0,0,0,292,79,0,0,0,0,0,0,51,0
199411,84,0,0,0,0,0,0,0,0,0,0,0,0,0,0,0,0,0,0,76,0,0,0,0,0,0,0,0,538,89
199412,0,0,0,69,147,0,0,0,0,0,114,0,0,0,0,0,13,0,0,0,0,0,0,0,0,0,0,0,0,81,0
199501,13,30,0,0,0,0,193,0,0,0,0,0,0,152,0,0,0,0,89,0,0,0,132,0,0,0,0,310,25,0,0
199502,0,0,0,71,0,0,0,0,0,64,724,546,0,0,5,0,0,213,38,84,0,0,0,0,0,0,0,0
199503,305,0,0,0,20,23,0,325,0,0,0,0,0,0,0,241,30,140,0,0,0,0,0,0,0,0,0,30,0,0,147
199504,18,0,0,0,0,0,0,0,0,0,0,445,0,0,0,0,0,0,0,0,137,25,155,0,0,0,0,0,0,0
199505,0,15,0,0,0,0,0,0,0,290,56,102,25,0,0,0,0,0,0,0,0,0,0,0,0,0,0,0,0,10,81
199506,0,0,122,0,376,348,0,0,0,0,104,0,0,0,0,0,0,0,0,0,0,0,0,0,183,0,0,0,0,0
199507,25,20,41,30,165,0,0,0,0,0,0,0,0,0,0,89,0,51,8,0,0,58,122,0,0,155,0,681,15,53,0
199508,0,0,25,76,0,51,0,0,0,0,46,13,206,0,0,0,310,0,0,239,0,0,0,0,0,102,0,20,0,0,0
199509,0,0,0,0,0,0,0,0,0,0,0,0,0,114,0,0,0,0,0,0,0,0,0,0,0,470,25,0,0,0
199510,0,0,0,803,749,0,0,0,0,0,114,0,0,0,0,0,0,0,0,0,0,0,0,0,0,0,0,318,0,0,0
199511,0,91,356,64,0,0,0,361,0,0,36,229,0,0,0,0,0,0,0,0,8,0,0,168,0,0,0,0,0,0
199512,0,0,0,0,0,0,356,0,76,0,0,0,0,0,0,0,0,0,559,0,0,0,0,0,0,0,0,0,0,0,0
199601,224,142,0,0,0,132,0,0,0,0,0,76,0,0,0,0,0,0,76,0,0,0,0,140,0,0,470,0,0,15,51
199602,0,66,457,0,0,0,0,0,0,0,0,0,0,0,0,155,0,0,0,381,0,0,0,0,0,0,0,0,178
199603,25,0,0,0,0,0,338,244,0,0,0,0,0,0,0,0,76,559,117,0,0,0,0,0,0,320,0,244,0,66,295
199604,46,0,0,0,0,46,0,0,0,0,0,0,0,25,292,91,0,0,0,0,0,0,76,0,0,0,0,0,0,76
199605,0,0,0,0,0,0,0,112,0,0,0,102,0,0,0,0,0,0,0,0,0,0,0,0,8,0,0,0,521,0,0
199606,0,0,0,25,0,0,0,43,221,0,25,0,0,0,0,0,0,0,10,0,0,38,229,0,0,0,0,0,0,0
199607,0,0,0,0,0,721,51,0,0,0,0,0,0,30,36,84,0,0,0,0,71,0,0,0,71,33,0,0,0,0,0
199608,0,152,127,0,0,0,M,0,0,140,0,0,0,0,0,0,0,0,0,0,0,0,0,0,76,140,0,89,155,953,M
199609,208,297,0,140,0,0,0,0,0,38,0,0,0,0,5,0,0,0,0,0,0,0,0,0,0,0,0,368,114,76
199610,0,0,373,0,0,0,114,155,0,0,0,0,0,0,0,0,0,0,0,0,0,0,41,0,0,0,0,0,0,0,0
199611,0,41,38,0,0,0,0,236,0,0,0,0,0,0,0,0,0,0,231,102,0,0,0,0,0,239,0,0,0,0
199612,1179,0,0,0,0,0,64,0,0,0,0,0,0,0,0,0,122,0,152,0,0,0,0,25,97,0,0,0,0,0,0
199701,0,597,0,0,41,0,15,292,638,13,0,0,0,0,0,130,0,0,0,0,0,0,20,0,406,0,0,0,15,191,0
199702,0,0,0,0,13,0,0,119,0,15,0,0,51,183,315,0,0,0,0,0,0,432,0,0,130,94,0,0
199703,M,0,0,0,0,M,0,0,0,0,0,0,0,132,56,0,0,0,0,46,0,0,0,0,0,61,0,0,25,0,0
199704,0,0,0,0,0,46,97,0,0,0,0,41,0,0,0,0,0,0,0,0,0,15,135,0,0,0,320,635,0,0
199705,0,0,53,0,0,0,0,0,0,0,0,0,0,0,0,0,0,0,0,36,51,0,0,0,203,48,0,297,0,69,0
199706,300,0,28,0,0,0,0,0,0,0,15,38,0,0,13,0,208,25,0,0,173,279,0,8,0,132,51,66,20,20
199707,64,198,0,0,0,20,51,41,0,0,0,0,0,0,38,0,0,0,51,0,61,38,61,0,0,234,0,0,102,0,0
199708,10,0,102,0,584,0,0,137,30,33,130,0,0,0,0,89,0,0,109,0,0,0,0,0,0,0,0,0,0,0,0
199709,0,0,0,0,0,0,0,0,0,0,0,0,0,0,0,0,0,0,0,0,0,0,0,0,0,389,0,84,0,0
199710,0,0,0,0,0,0,0,0,0,0,0,0,0,0,0,0,0,0,0,0,0,0,0,28,546,203,203,0,0,0,0
199711,38,168,0,0,0,0,61,0,0,0,0,15,716,M,0,0,0,0,0,0,0,66,0,0,0,0,0,0,0,991
199712,0,0,15,0,0,0,0,0,0,107,0,211,0,178,15,0,0,0,0,0,0,51,0,300,734,0,130,0,30,0,0
199801,0,0,0,0,0,244,0,572,0,0,0,0,10,15,58,142,0,0,56,0,0,0,279,0,0,0,135,0,0,0,0
199802,0,41,577,206,0,0,0,0,0,0,56,0,0,0,0,249,254,0,0,0,0,0,259,0,0,0,152,0
199803,0,0,0,0,0,165,160,0,1651,241,0,0,0,0,0,0,0,0,152,0,0,0,0,0,0,0,0,0,0,0,0
199804,58,91,0,0,0,0,0,0,457,0,0,0,0,28,38,0,0,330,20,206,0,0,0,0,0,0,0,0,0,64
199805,0,0,307,0,0,0,0,0,0,0,0,0,0,0,0,0,0,0,0,0,0,0,0,0,0,0,0,0,0,0,86
199806,51,0,0,0,0,335,0,0,0,0,0,0,0,0,0,0,0,0,0,127,0,0,10,0,0,28,0,0,0,0
199807,0,0,0,150,5,0,0,0,140,516,0,0,0,610,8,0,0,0,0,0,0,0,0,51,97,0,0,0,0,91,229
199808,127,0,0,0,0,0,0,0,206,51,0,58,206,74,25,38,99,0,0,0,0,0,0,0,0,0,0,0,0,0,0
199809,0,0,1494,0,0,0,0,0,0,0,0,0,0,0,0,0,0,0,0,0,371,130,0,0,0,0,18,0,620,1212
199810,51,0,0,0,0,0,0,13,38,0,0,0,0,0,0,0,0,0,0,0,0,0,0,0,0,0,0,0,0,0,0
199811,0,69,0,0,0,0,0,0,0,0,89,0,0,0,66,33,0,0,0,0,0,0,0,295,0,0,0,0,0,0
199812,0,0,0,0,0,0,0,56,203,0,0,0,86,0,0,0,0,0,0,0,0,28,0,18,76,150,0,0,0,0,0
199901,0,0,0,241,0,0,0,0,0,231,0,0,0,0,53,0,0,356,0,0,0,0,356,61,0,0,0,0,0,0,13
199902,206,0,0,0,0,0,0,0,0,0,0,0,0,0,0,0,0,130,0,0,13,0,0,0,0,0,0,38
199903,0,0,0,0,0,122,0,0,97,0,0,0,0,765,0,0,0,0,0,0,0,0,0,0,0,0,0,0,0,0,61
199904,0,0,0,0,0,0,0,0,0,0,0,0,0,0,0,0,0,0,0,0,0,0,0,0,0,0,0,211,1080,25
199905,0,0,0,0,30,1664,0,0,0,0,0,0,0,208,0,0,0,0,0,0,0,0,0,0,0,0,211,0,0,0,0
199906,0,0,0,0,51,0,0,0,0,0,0,343,25,0,25,51,173,0,0,0,0,0,114,0,46,81,191,638,36,356
199908,0,0,0,0,0,0,0,0,38,25,0,0,0,0,0,41,0,0,0,0,0,0,521,523,0,203,0,0,0,0,0
199909,0,0,25,0,0,0,0,38,0,0,0,0,0,0,0,0,0,0,0,114,0,0,0,0,0,0,478,13,0,0
199910,0,0,0,0,0,0,0,0,0,483,0,142,201,0,0,0,0,0,0,0,0,0,0,0,0,0,0,0,0,0,0
199911,0,523,0,0,0,0,0,0,0,0,0,0,0,0,0,0,0,0,0,0,0,0,0,0,152,0,0,0,0,0
199912,0,0,0,0,25,0,0,0,0,0,0,0,127,0,0,0,0,0,229,0,307,0,0,0,0,0,0,0,0,0,0
200001,0,0,58,0,0,0,0,0,0,236,0,0,0,0,0,0,0,0,0,0,0,0,0,470,0,0,0,0,0,102,0
200002,0,0,0,0,0,0,0,0,0,0,0,0,0,528,0,0,0,0,0,0,0,0,0,0,0,0,64,0,0
200003,0,0,0,0,0,0,0,0,0,0,0,140,0,0,0,165,0,0,0,279,0,0,0,0,0,0,0,102,0,61,0
200004,0,0,0,0,0,0,0,0,0,0,0,0,0,0,0,0,0,0,0,0,0,0,0,0,165,0,0,76,0,0
200005,0,0,0,0,0,0,0,0,0,0,0,0,0,94,0,0,0,0,0,0,0,0,0,0,0,0,0,0,0,0,0
200006,0,0,0,0,0,0,0,0,0,0,0,0,64,0,0,229,102,0,0,0,0,0,0,0,20,0,0,0,229,267
200007,0,0,221,0,0,0,0,0,0,0,0,236,13,0,0,0,0,0,0,0,69,0,0,64,0,0,0,137,165,0,51
200008,0,41,155,163,0,0,279,0,0,185,0,0,0,0,0,0,0,0,0,114,0,0,0,51,0,0,0,0,0,0,0
200009,13,0,0,64,0,0,394,0,0,0,0,0,0,0,48,0,0,0,0,0,0,127,180,102,53,0,0,0,0,0
200010,0,0,0,0,0,0,23,0,0,0,0,0,0,0,0,0,0,0,0,0,0,0,0,0,0,0,0,0,0,0,0
200011,0,0,0,0,0,0,0,0,30,470,0,0,0,64,0,0,173,0,257,33,0,0,0,0,401,0,0,0,0,0
200012,0,0,0,0,0,0,0,0,0,25,0,0,0,241,64,452,0,0,58,0,0,25,0,0,0,0,0,475,488,0,0
200101,0,0,0,0,0,0,0,30,0,0,33,0,0,0,0,74,53,0,0,409,0,0,0,0,0,0,0,0,236,0,0
200102,0,0,0,0,0,0,0,0,0,64,0,0,0,0,0,0,25,0,0,0,0,102,0,0,0,152,0,81
200103,0,0,445,1133,0,0,0,0,0,51,0,66,554,0,203,0,0,0,0,465,25,0,0,0,0,53,0,0,122,97,3
200104,0,0,0,439,28,0,0,0,0,0,0,0,0,46,0,102,0,0,0,0,0,0,0,41,0,0,0,0,0,0
200106,137,0,0,0,20,0,0,0,0,0,0,1138,0,0,0,0,0,0,0,0,0,0,0,0,0,0,0,0,0,0
200109,43,71,279,0,0,0,145,8,0,0,0,0,0,0,0,0,0,0,0,0,0,0,0,198,53,0,0,0,0,0
200204,0,0,3,0,0,0,0,0,330,229,8,102,142,36,0,0,0,0,0,0,0,0,0,0,0,0,8,0,0,0
200205,10,0,0,0,0,0,0,0,0,0,0,0,0,71,0,0,0,267,20,0,0,0,0,0,0,0,0,0,76,0,0
200206,0,0,0,0,188,28,8,180,173,0,0,0,0,0,94,0,18,0,25,0,0,0,51,0,0,10,0,0,0,452
200207,140,0,0,0,0,0,241,97,0,0,0,0,229,0,0,0,0,0,0,0,79,274,533,414,20,0,246,178,0,109,3
200208,0,173,0,0,0,0,0,0,0,0,0,0,0,0,0,142,0,0,0,46,8,0,0,251,0,0,0,0,0,0,41
200209,0,8,0,0,0,0,0,0,0,0,0,0,25,165,610,0,0,0,0,0,0,0,0,0,279,20,173,0,0,0
200210,0,0,0,0,155,0,25,30,0,0,0,0,0,0,132,76,0,0,0,0,94,0,0,236,66,0,185,46,15,46,0
200211,0,0,0,56,13,244,0,0,0,145,15,419,0,0,0,188,41,0,0,51,0,0,0,0,0,0,0,0,0,0
200301,287,0,0,0,0,0,0,0,0,0,0,0,0,0,0,0,0,0,0,0,0,0,25,0,0,0,0,0,0,66,8
200302,0,0,0,43,58,0,91,0,0,0,0,0,0,0,0,152,394,0,0,0,0,241,5,0,0,0,259,8
200303,127,236,0,86,5,5,163,0,152,81,0,0,36,104,165,53,3,48,119,533,0,0,0,0,0,0,0,0,0,102,0
200304,0,0,0,0,0,38,0,673,371,8,0,0,0,0,0,0,0,0,0,0,0,114,0,0,394,351,0,0,0,0
200305,0,0,0,10,0,0,0,0,0,0,0,0,0,0,0,107,3,0,51,470,25,165,0,0,0,0,0,84,0,0,0
200306,0,0,185,8,0,0,490,950,0,0,0,79,56,231,157,0,0,79,33,0,0,0,0,0,0,0,0,0,0,76
200307,401,394,64,23,53,0,0,0,0,0,28,152,25,0,0,0,0,0,0,5,0,5,160,53,0,0,0,38,51,5,0
200308,203,191,0,13,5,114,76,86,0,0,0,338,64,292,0,0,58,201,0,0,13,5,0,0,0,0,0,0,196,41,0
200309,0,0,33,0,25,236,0,0,0,0,0,0,0,0,0,0,0,0,0,0,0,104,373,0,0,0,0,0,0,0
200310,0,0,0,0,0,0,0,0,0,0,155,43,0,0,0,0,0,0,0,0,0,0,0,0,0,0,122,0,0,0,0
200311,0,0,0,0,97,0,0,0,0,0,0,0,0,0,0,0,0,0,312,0,0,0,0,53,0,0,0,0,0,0
200312,0,0,0,155,0,0,0,0,0,84,0,0,41,208,0,0,53,0,0,0,0,0,0,155,0,0,0,0,0,89,0
200401,0,0,0,0,8,15,0,0,0,13,0,0,0,0,0,28,28,152,0,0,0,0,0,0,0,94,411,0,0,0,0
200402,0,0,30,0,0,0,290,0,0,0,46,452,0,290,61,0,0,0,0,0,0,0,0,0,51,229,13,0,0
200403,0,0,0,0,0,0,0,0,0,25,0,0,0,0,0,25,0,0,0,0,0,0,0,0,0,0,0,0,0,0,0
200404,0,0,0,0,0,0,0,76,0,0,0,0,224,8,0,0,0,0,0,0,0,0,0,0,0,13,76,0,0,330
200405,411,185,226,0,0,0,0,0,0,0,0,147,76,102,0,0,0,0,785,0,8,0,0,0,0,0,0,0,0,0,84
200406,84,76,84,33,0,0,0,0,79,0,33,0,8,229,117,76,38,25,13,0,0,13,102,165,3,152,79,46,25,0
200407,28,0,97,0,0,0,0,41,0,0,0,0,0,335,0,66,13,30,64,0,0,0,0,0,0,0,0,15,0,610,0
200408,0,0,0,0,0,0,0,0,0,0,356,130,5,0,0,0,0,0,0,0,124,226,5,0,0,0,0,0,0,30,305
200409,0,432,51,0,0,0,508,102,0,0,140,13,0,0,0,457,20,0,0,0,0,0,0,0,0,0,445,152,0,0
200410,0,0,0,0,0,0,0,0,0,0,25,25,0,0,25,0,0,0,0,508,0,0,140,0,0,0,0,0,33,0,0
200411,0,0,3,127,0,0,0,0,0,0,0,84,25,25,0,0,0,0,0,20,800,5,25,279,221,0,0,201,0,0
200412,58,0,0,0,0,117,15,3,0,119,0,0,0,0,0,0,0,0,0,0,0,0,315,0,0,91,0,0,0,0,0
200501,0,0,0,0,0,0,0,5,130,0,0,0,0,635,0,0,0,0,0,0,0,0,0,0,0,0,0,0,97,185,0
200502,145,102,183,30,0,0,0,0,13,399,0,0,0,89,0,0,0,0,0,0,0,0,0,36,28,0,51,155
200503,0,0,0,20,0,0,0,66,0,0,0,0,0,0,0,330,8,0,0,15,5,56,0,0,0,0,1359,305,0,0,5
200504,699,386,0,0,0,0,942,0,0,0,0,74,0,0,0,0,0,0,0,0,0,0,152,0,0,102,5,0,0,0
200505,627,0,0,0,0,0,0,0,0,0,0,0,0,0,0,99,0,0,0,0,574,0,0,0,0,0,0,0,0,0,0
200506,455,254,25,76,0,0,432,0,475,0,191,279,3,0,0,0,0,33,23,0,0,0,0,0,0,0,0,0,1011,340
200507,0,0,109,229,0,0,216,0,0,0,648,0,0,36,51,58,5,0,13,0,0,0,0,0,0,0,0,244,0,284,0
200508,452,5,18,38,8,8,132,13,25,0,229,0,305,673,173,183,0,0,0,0,0,0,0,0,0,0,0,147,135,521,79
200509,38,0,0,0,0,0,0,0,0,0,0,0,0,0,0,0,0,0,0,0,0,0,0,124,0,152,140,0,0,0
200510,0,0,30,0,0,13,25,30,43,0,0,0,0,0,0,0,0,0,0,0,0,0,0,0,0,0,0,0,0,0,0
200511,0,368,0,0,0,0,15,0,0,0,0,0,0,0,0,41,0,0,0,0,1016,0,0,0,0,0,0,366,142,0
200601,0,1016,8,0,0,0,0,0,0,0,0,0,0,305,0,0,0,432,0,0,0,25,25,0,0,0,0,0,46,43,20
200603,0,0,0,0,0,0,0,0,0,191,399,0,0,76,0,0,0,0,0,117,0,0,8,0,0,0,0,0,0,0,0
200605,13,0,0,0,0,0,0,488,18,318,267,0,0,0,28,0,0,0,0,0,0,0,0,0,0,0,0,0,0,0,0
200606,0,0,0,145,0,0,0,0,0,0,0,0,0,51,0,0,0,0,0,0,33,0,279,0,64,28,0,0,0,0
200607,0,0,0,0,0,0,127,0,0,0,0,0,0,0,0,0,76,208,0,0,0,0,0,18,282,48,0,0,145,0,0
200608,0,0,0,25,145,30,0,25,0,0,0,13,28,0,3,216,0,0,0,0,0,25,371,315,25,0,33,0,0,0,0
200609,0,0,165,0,0,114,0,38,0,64,0,0,20,0,0,0,0,0,221,84,0,0,104,0,64,0,0,0,0,0
200610,0,0,0,0,0,0,0,0,0,0,0,0,0,0,0,23,323,0,0,381,0,0,0,0,0,0,38,127,0,0,0
200611,0,0,0,0,0,0,254,25,0,0,0,46,0,0,0,610,0,0,0,0,0,0,0,0,0,0,0,0,0,30
200612,137,0,0,0,0,0,0,0,0,0,0,0,0,0,0,0,0,0,0,0,0,0,368,0,521,10,0,0,0,0,13
200702,0,419,0,0,0,0,0,0,0,0,0,0,0,371,0,0,0,0,0,0,25,41,0,0,0,122,0,0
200703,25,178,0,0,0,0,0,0,0,0,0,0,0,0,0,231,0,0,0,0,0,0,0,0,0,0,0,0,0,0,0
200704,0,787,0,38,0,0,0,0,0,0,0,0,0,0,577,0,0,0,0,0,0,0,0,0,0,0,124,0,0,0
200705,0,0,0,0,0,0,0,0,0,0,0,0,76,0,0,0,0,0,0,0,0,0,0,0,0,0,0,0,0,0,0
200706,0,0,0,48,0,0,0,0,178,0,0,0,0,0,0,0,0,0,114,0,0,0,0,0,0,0,0,0,0,0
200707,0,168,0,0,0,0,0,343,0,292,165,0,0,188,107,0,0,0,0,0,130,0,0,0,254,0,0,76,0,23,15
200708,0,0,0,0,0,0,0,0,0,10,0,76,340,0,0,0,0,142,0,0,0,0,0,0,229,0,0,64,0,0,127
200709,25,0,0,0,0,0,0,0,0,0,0,25,0,0,165,0,0,0,0,0,0,140,140,0,0,0,0,157,0,0
200710,0,0,0,0,0,0,0,0,0,0,0,0,0,0,0,0,0,0,724,41,0,25,13,0,0,0,0,0,0,0,0
200711,0,0,0,0,0,0,0,0,0,0,0,0,0,0,130,0,0,0,0,0,0,25,25,0,0,914,0,0,0,0
200712,0,0,0,0,0,0,0,0,0,0,0,0,0,0,0,541,0,0,0,0,137,0,38,0,0,127,0,178,M,M,51
200801,0,0,0,0,0,0,0,0,0,51,191,0,0,0,0,0,318,0,229,178,0,0,0,0,13,0,132,0,0,142,0
200802,533,25,0,0,0,0,185,0,0,0,0,0,140,0,0,0,0,318,0,0,0,203,292,0,0,0,104,0,0
200803,0,0,0,127,0,0,191,0,0,0,0,0,0,0,0,0,0,0,0,0,0,0,0,0,0,0,0,0,0,0,0
200804,0,0,0,0,0,546,0,0,0,0,0,152,0,0,0,0,0,0,102,0,0,0,0,0,0,0,0,25,0,0
200805,0,0,0,0,0,0,0,0,0,0,0,0,0,0,0,99,91,0,0,0,0,254,0,0,0,0,0,0,0,0,0
200806,0,0,0,279,0,0,0,0,0,114,0,0,0,38,135,0,0,0,0,0,0,76,130,0,0,0,0,160,0,109
200807,38,0,0,0,30,38,0,0,0,0,0,229,51,0,46,0,0,0,0,0,0,178,0,51,0,0,0,0,394,0,0
200808,0,0,0,0,0,0,0,0,0,0,0,76,762,25,0,185,0,76,0,0,0,25,394,1207,305,432,0,0,0,0,18
200809,0,0,0,0,0,0,0,0,0,0,0,25,0,203,0,102,0,127,0,0,0,0,0,0,0,0,0,0,0,0
200810,0,0,0,0,0,0,0,152,381,0,0,0,0,0,0,0,0,0,0,0,0,0,0,724,25,0,0,0,0,0,0
200811,0,0,0,0,0,0,0,64,0,0,0,127,396,51,0,0,0,0,0,0,0,0,0,0,25,0,0,119,307,335
200812,0,0,0,0,0,0,0,0,0,0,1295,0,0,0,0,0,0,0,0,0,0,0,0,0,0,0,0,127,0,0,0
200901,0,0,0,521,0,0,152,0,0,74,0,0,0,0,0,0,0,0,0,0,0,0,0,0,3,0,0,140,0,0,0
200902,0,0,51,0,0,0,0,0,0,0,0,3,0,76,41,0,0,0,102,0,0,0,0,0,0,0,0,0
200903,56,0,0,0,0,8,0,0,0,0,0,0,0,0,229,572,69,0,0,0,0,0,0,0,0,48,25,1034,272,0,0
200904,737,165,0,0,178,13,0,0,0,0,0,0,0,584,0,0,0,0,0,0,0,0,0,0,0,0,0,0,0,0
200905,0,0,0,64,135,89,89,297,0,0,0,0,0,0,0,363,307,0,0,25,0,0,180,109,51,196,79,109,0,0,0
200906,0,0,0,297,0,0,0,0,0,0,0,0,0,0,508,0,0,0,0,0,0,0,0,0,320,0,0,0,0,0
200907,0,0,0,0,0,432,610,114,0,401,0,0,0,0,0,0,330,213,0,0,0,0,0,56,0,0,0,114,127,8,0
200908,185,150,94,46,0,119,0,0,43,0,0,521,356,0,0,0,152,0,0,0,28,0,30,0,0,0,0,300,46,0,0
200910,0,0,0,0,361,18,0,0,41,33,0,0,457,30,0,549,0,0,0,0,0,0,0,89,0,0,191,495,0,0,91
200911,0,0,0,0,0,0,0,0,0,584,109,0,0,0,0,0,0,25,0,0,0,305,41,0,0,0,0,0,0,0
200912,20,711,94,0,0,0,0,0,513,0,0,76,813,0,1067,20,0,257,127,0,18,0,0,0,394,0,0,0,0,0,89
201001,0,0,0,0,0,0,0,0,0,0,0,0,0,0,0,0,490,0,0,0,826,0,0,0,254,0,0,0,0,787,0
201002,0,0,0,0,711,0,0,0,81,8,0,0,0,0,246,0,0,0,0,0,0,262,0,0,0,0,0,0
201003,0,295,0,0,0,0,0,0,0,0,152,0,102,0,0,0,0,89,0,0,30,0,0,0,0,0,0,0,0,0,0
201004,0,0,0,0,0,0,0,0,218,0,0,0,0,0,0,0,0,0,0,0,0,0,0,0,216,0,0,0,0,0
201005,0,0,0,1016,0,0,0,0,0,0,0,0,0,0,0,0,0,0,0,0,0,0,0,0,0,0,0,0,333,99,229
201006,0,137,0,0,0,76,0,0,0,0,0,0,0,0,0,0,0,0,0,0,254,0,0,0,0,25,43,5,472,0
201007,0,0,0,0,0,0,0,0,0,279,0,0,51,0,208,23,0,0,0,0,5,0,0,0,0,254,0,0,0,M,0
201008,0,0,0,0,102,0,8,23,0,0,0,0,0,0,97,124,0,0,0,142,0,0,M,0,0,0,76,0,28,0,0
201012,483,0,0,0,0,0,0,0,0,0,0,102,0,0,0,0,76,0,0,0,0,0,0,0,0,10,0,0,0,0,0
201101,0,508,0,0,0,178,0,0,0,94,0,0,0,0,0,0,0,13,274,0,0,0,0,0,114,0,0,0,0,0,152
201102,0,267,0,394,0,M,76,89,0,64,0,0,0,0,0,0,0,0,0,0,0,0,0,0,76,0,0,0
201104,0,0,0,0,488,0,0,0,0,0,0,0,0,0,0,0,0,0,0,0,0,0,0,0,0,20,0,M,0,M
201105,0,0,0,0,0,0,0,0,0,0,0,0,0,0,0,0,0,0,0,0,0,0,0,0,0,0,0,0,0,0,0
201106,0,0,0,0,0,0,0,0,0,0,0,0,74,0,0,0,46,91,0,0,0,0,0,76,0,13,0,8,102,0
201107,0,64,363,76,0,0,0,0,178,406,457,0,0,521,381,1179,107,168,0,0,0,0,0,0,0,0,0,0,51,0,M
201108,0,0,0,0,0,0,0,0,0,99,0,0,0,0,0,0,0,15,0,0,0,0,53,0,0,0,0,0,0,0,0
201109,0,0,0,0,254,64,0,0,0,0,0,0,0,0,0,0,0,0,0,0,0,406,0,0,0,0,0,0,0,M
201110,M,M,M,M,M,M,M,M,M,M,M,M,M,M,M,M,M,0,0,0,0,0,0,0,0,0,0,0,0,0,0
201111,0,0,0,132,0,0,0,0,0,0,0,0,0,0,0,76,25,0,0,76,0,0,102,0,0,0,0,254,0,0
201112,0,0,0,0,0,5,66,0,0,0,0,0,0,0,0,0,0,0,0,0,508,178,112,0,0,28,234,0,0,0,0
201201,0,0,0,0,0,0,0,8,0,13,5,0,0,0,0,0,0,236,0,25,0,63,0,140,0,0,165,0,0,0,0
201202,0,41,0,8,0,0,0,0,0,0,0,0,0,63,0,213,0,0,574,0,23,0,0,0,0,0,25,8,3
201203,0,33,30,279,0,0,0,0,13,0,0,0,0,0,0,0,0,0,0,0,0,0,0,201,0,0,0,0,0,0,343
201204,25,0,0,25,0,127,0,0,0,0,0,0,0,0,0,0,0,0,124,25,0,114,M,0,0,0,0,0,0,0
201205,0,0,0,89,0,0,97,0,8,25,0,0,165,97,0,0,0,0,0,0,0,254,0,0,0,0,0,0,102,23,0
201206,0,0,0,0,0,119,0,0,0,206,203,94,0,0,5,0,0,0,0,0,0,0,0,0,0,0,0,0,0,M
201207,0,191,0,0,56,71,0,0,0,0,0,719,5,0,0,0,0,442,0,0,0,0,0,48,M,0,0,38,0,5,33
201208,15,0,8,0,64,13,292,41,43,18,518,102,0,33,51,0,43,23,18,13,0,445,0,0,0,0,0,0,8,163,28
201209,0,0,0,191,165,58,0,0,0,0,0,0,0,0,0,0,0,508,0,0,0,0,0,0,0,0,0,0,0,356
201210,376,97,8,0,0,0,0,0,0,0,0,0,0,0,0,0,0,64,0,0,0,0,0,0,0,0,0,0,0,0,0
201211,0,0,0,0,0,15,0,0,0,0,0,0,48,0,8,0,0,0,0,0,0,0,0,0,0,0,102,193,0,0
201212,0,0,0,0,0,0,0,0,0,48,94,56,0,0,0,0,18,25,0,M,M,M,M,M,M,M,M,M,M,M,M
201301,0,M,M,25,0,0,0,0,0,36,0,0,0,0,0,53,140,8,M,M,M,M,M,M,M,M,M,M,M,M,M
